90
898 956
-334 -933
415 988
-622 555
-518 264
-975 959
-668 -261
-737 948
-930 276
-508 -111
-526 -80
-524 -97
-323 -130
-983 -924
358 -542
-565 -261
996 -943
-619 -199
381 555
1000 997
875 -731
497 660
-811 272
-531 516
-992 -111
-619 987
-652 997
-359 995
-601 -954
-667 29
-995 996
-677 -111
-981 941
-663 -924
-334 556
-616 -926
-535 -81
-668 29
-965 -165
-991 280
-662 487
-609 954
-551 941
-937 -967
-968 955
-992 -200
-506 -145
-502 731
-504 726
-934 961
-551 -149
-721 555
753 359
-921 998
-508 -590
-357 -200
-931 962
-590 727
-930 271
-921 988
70 925
-565 556
-999 -918
1000 -224
-964 -941
-503 987
-520 554
-282 7
-961 963
-659 -758
896 953
-939 999
-721 58
-662 981
-988 953
-357 575
-631 -145
765 955
-522 276
-644 740
-936 267
-664 -82
70 -731
-928 960
896 555
70 99
362 263
-593 -704
-619 -97
-988 541
