95
-72 -787
-72 -745
-72 -804
-72 52
47 956
-72 594
-72 -935
-72 291
90 -804
90 -744
16 956
90 -520
-72 849
-53 -999
69 -999
34 956
34 -394
-72 -748
-52 956
-72 -802
-72 -943
90 -343
90 -746
90 52
28 956
-72 -778
90 -839
16 -999
-59 -999
28 -999
-52 -999
-64 -999
69 956
90 -48
-72 -805
-72 -989
90 -748
42 956
90 -943
34 -999
-72 -520
48 956
90 -787
25 -807
-72 -746
46 -999
90 -950
-72 -839
3 -999
-72 -775
47 -999
90 -778
90 -935
41 956
90 -775
25 -748
-72 -744
-60 956
-72 -950
-59 956
90 -805
-65 -999
25 956
-65 956
-72 -807
-63 956
90 594
90 -807
-72 -343
35 956
-72 -394
90 849
-72 637
-64 956
90 -802
90 637
39 956
25 -999
35 -999
-60 -999
3 956
42 -999
46 956
90 291
90 -745
39 291
-60 -778
-53 956
39 -999
41 -999
90 -989
-72 -48
90 -394
-63 -999
48 -999
