320
-662 98
-269 94
-619 91
-576 -67
-498 24
-417 17
-874 -82
-345 -77
-568 -3
-849 81
-567 -84
-579 72
123 91
-257 29
-674 -79
-799 44
-249 54
-674 -77
-632 -66
-571 97
-172 -83
-583 48
-147 -6
-663 -7
-605 31
-345 -2
-546 -20
-585 86
-667 -85
-672 -68
-622 61
-788 -98
-960 -82
414 74
-595 98
-797 47
-677 -80
377 31
-596 69
-966 -95
383 25
998 -69
-966 -36
-504 13
-547 95
-371 22
-419 -9
-970 55
-387 23
959 -79
-487 73
-631 -4
-424 49
378 -34
-866 84
-302 32
-544 -90
-840 70
-493 9
-163 -4
-379 78
-383 82
-497 84
335 83
-759 -5
-869 24
381 -64
-676 -2
354 30
-391 76
-313 -68
-111 85
-593 -41
419 98
-657 46
413 32
986 48
-903 65
972 19
-534 73
-489 21
-497 -2
-862 65
-597 74
-711 -96
-791 -72
-518 -97
-333 -79
-374 -14
-517 92
-246 44
-987 35
-916 71
-655 44
365 93
-807 -97
-354 96
-314 -94
-589 97
-510 90
-545 20
-798 49
-524 65
998 94
-897 80
-408 -72
-524 73
-992 -67
-616 63
-518 63
-793 -86
-877 90
-611 -95
-762 -88
-521 -93
-633 -76
-903 13
-680 27
-781 23
-577 -69
-72 61
-663 -70
-762 46
-534 79
-418 -78
320 -75
-675 13
-553 -36
-965 -87
-368 -73
-666 38
-347 -80
-657 -99
50 2
-656 35
-616 83
-687 -71
-709 -73
-858 9
-357 56
-157 28
-679 88
-370 -96
-681 96
-662 40
-806 68
-687 19
-259 -95
534 -41
-491 14
-984 -84
-492 81
-489 -4
-782 76
-556 55
-829 -59
-900 63
-627 -6
-165 -66
-874 -100
-170 -76
972 86
-630 28
841 -81
379 42
-63 -88
-891 -53
-490 70
-504 -100
-669 -50
-678 16
-543 71
-992 49
923 60
-514 80
-600 25
-602 -64
-800 19
-625 85
-658 29
-485 5
-799 51
-351 16
-829 73
-577 -84
-163 -79
-578 -74
-772 78
-196 39
-599 32
-902 35
-597 80
583 -65
-858 -90
-372 -5
-547 40
-898 92
-777 64
-272 38
-770 87
-706 45
-591 -65
-606 43
-253 -99
-664 78
-522 35
-792 75
-408 23
-353 27
-79 -60
-594 -33
-416 -86
-305 -50
-623 -60
-375 2
-311 82
-367 45
-943 -5
-507 57
-668 50
-795 -78
-796 -9
-904 -70
-376 87
-431 19
-601 99
-664 94
993 72
-559 22
416 69
-617 -75
-628 26
-637 -83
-147 84
-426 51
997 -74
-587 62
-985 -3
-939 20
-259 -72
-406 67
-501 -26
-943 -20
-958 80
-901 -93
429 -33
-836 21
-484 68
-891 -36
-483 66
-794 17
-558 -59
-807 5
-967 41
-608 93
997 71
-599 80
-554 41
-862 -97
-912 79
-290 -85
-589 -81
-526 -70
-925 -90
-686 56
-980 22
-387 -95
-344 13
-846 14
-383 64
-408 56
-495 -97
-556 77
-412 75
-875 57
-656 54
-357 -94
-375 46
-352 88
-760 -14
-987 97
-593 57
-603 42
-181 77
-552 -87
376 43
-302 50
-783 67
-801 66
-261 -7
-673 -94
-793 88
-640 77
-621 -88
-958 95
-550 -82
-588 60
-870 -26
959 62
-258 -77
-743 -89
-796 -99
-659 -77
-604 -34
-971 -59
-259 40
-670 82
-646 39
-612 30
-620 2
-422 47
-587 70
-407 -98
382 99
-154 26
355 -95
-371 -89
-366 -71
-511 -53
-801 -64
