93
-35 -955
90 -782
2 -924
3 965
-74 941
90 -786
-46 -775
-30 -775
-32 -955
-75 -931
-33 -931
-41 -704
90 -775
-42 -931
-30 -786
-36 963
-42 -718
-47 918
-42 824
2 922
-59 965
-30 -935
7 824
-34 918
-75 -782
-30 897
-33 -872
-45 963
-41 963
-52 -931
-31 902
-33 902
-47 941
-74 -704
-34 -955
-66 -946
-42 -786
-36 -935
-73 963
-32 -946
-35 -782
-52 824
95 965
-45 -924
-45 -704
-41 918
-46 897
-30 902
-42 -935
-35 -775
-45 -786
-34 824
-73 -786
-75 965
95 -931
-45 941
-59 963
-34 -935
-46 -782
-41 -931
2 -704
-33 -786
90 -785
-32 -704
2 -718
-36 -775
-34 902
95 -785
-73 -785
-31 941
-47 -924
-32 -786
90 824
-74 918
-46 941
-46 -946
-32 941
-74 824
-36 -931
-30 -785
-75 941
-35 965
-33 -775
-47 824
-36 824
-46 -955
-59 -718
-74 -924
-36 -786
-59 -955
-75 -704
-52 941
-42 -782
