327
986 -13
810 -61
670 32
833 -81
-907 22
930 1
993 -15
934 11
683 86
790 21
807 -36
-909 79
752 0
675 56
900 -10
812 62
-399 69
391 24
-909 -27
883 -68
938 88
791 40
938 -20
645 6
678 -37
-708 70
996 -24
683 65
920 10
903 -57
395 -60
776 64
251 32
938 59
824 62
663 72
832 68
980 45
758 66
834 -9
394 -33
834 55
-906 57
662 13
968 26
917 -56
-905 -1
-841 69
958 -31
830 6
-906 -12
-924 -14
328 38
932 -28
-171 -39
-740 -68
513 -1
421 -92
-200 83
902 15
810 49
651 -5
920 -74
385 91
678 61
968 2
854 -60
823 -11
-76 -46
752 24
810 45
-918 34
775 -30
-918 -39
934 -12
776 73
809 36
811 -12
777 -41
652 -94
-963 -6
909 9
651 -93
922 -69
961 17
645 24
925 44
662 53
-277 46
385 3
922 14
-804 90
724 84
681 -48
775 -18
854 -12
826 -39
972 7
-986 48
391 99
791 5
-399 29
829 -7
854 -35
957 -11
810 58
781 -58
421 100
883 6
923 6
812 -47
934 65
887 88
-978 57
-957 24
243 50
652 60
-977 -38
900 -44
987 74
421 50
-909 51
930 -33
-841 30
812 41
791 54
645 -10
901 -7
776 43
953 19
867 7
393 4
-395 -30
924 13
661 -67
-918 51
-909 6
-76 -38
-441 0
387 56
675 -6
777 5
904 -97
758 27
936 78
513 22
827 -50
923 2
757 -41
812 6
662 29
-271 75
-964 -11
986 19
909 -40
812 73
758 17
930 -30
-966 -45
807 -2
396 -96
661 59
778 -11
901 33
824 92
662 32
821 39
936 68
811 16
938 76
819 1
886 66
819 35
925 36
290 23
1000 37
920 12
920 89
909 -20
675 -28
243 1
829 16
833 -42
926 58
429 13
965 13
937 56
389 30
-980 -19
391 27
821 -46
-910 38
824 -28
936 -53
752 79
389 71
998 37
934 -26
-596 14
758 89
961 -2
388 -7
803 85
653 9
-596 80
391 62
670 13
318 52
902 -21
901 98
777 -5
-804 -59
827 -43
958 -49
836 -88
-413 93
986 58
999 -4
660 51
810 -51
661 -24
922 -3
243 33
853 85
855 49
809 -41
989 46
-277 1
886 15
-379 6
-918 -34
364 66
955 81
867 96
986 73
819 22
364 -81
974 8
-910 31
-171 79
-413 1
830 -22
819 -20
-907 -7
952 -16
920 69
661 -35
-924 16
884 20
811 -43
776 -44
988 29
663 46
290 10
924 -51
826 -8
645 -52
805 57
954 5
883 0
820 0
826 -36
949 -69
-200 -58
780 17
956 -55
827 -63
791 -1
-685 43
394 95
886 26
908 -5
752 -25
513 18
917 32
834 28
914 97
955 -29
-907 -53
830 8
775 31
392 3
833 24
886 -17
807 -10
825 82
854 -40
660 -38
-918 47
-992 -29
390 93
676 23
930 33
884 3
752 -2
948 67
949 -7
393 -22
-977 -44
911 79
815 -61
832 14
678 -18
318 42
948 12
319 0
-171 -91
909 98
956 11
683 -1
955 -52
826 -29
958 -54
853 87
984 -40
825 7
790 77
839 25
-907 -24
-978 40
829 -26
997 48
645 15
922 86
396 94
663 5
964 1
