222
74 993
-68 839
-57 541
-43 849
41 974
38 987
-44 859
39 981
43 866
-68 841
-50 907
32 268
-12 904
-85 878
-22 877
88 774
-43 -409
47 323
42 878
-14 -622
93 319
86 840
-96 885
-47 -188
-80 781
33 967
-74 992
-95 -393
-91 786
36 968
-34 94
85 -383
86 841
25 96
-26 933
35 924
4 -815
94 916
-44 870
32 784
16 892
-78 -577
-77 897
-54 682
17 -284
-99 835
-51 -811
-73 -976
-81 965
91 906
60 896
98 886
-30 912
70 911
54 -187
83 870
-37 -914
66 -920
36 952
-100 -518
77 12
-62 858
-29 909
49 947
4 891
8 -986
-71 846
82 918
-27 -974
78 -380
31 -185
96 -185
-4 775
-46 894
-88 -931
-52 803
-72 -844
-35 218
-67 -813
26 850
-78 268
48 -971
-74 868
-81 983
40 994
84 955
44 869
-18 885
-94 982
-49 930
53 917
-76 927
-7 990
50 -514
75 840
32 978
-28 924
-21 843
-61 965
-97 -815
89 908
30 903
-5 971
22 383
-69 -172
-64 918
-92 919
-38 999
-53 910
96 956
63 250
3 953
-85 -805
28 -284
55 862
82 959
0 997
-93 992
-86 899
-11 -514
-85 919
80 -991
37 769
62 -412
-87 877
-41 893
-11 785
61 -175
-90 993
-69 -813
54 956
87 972
2 922
11 -814
-6 -812
-48 -914
-16 830
-20 836
37 909
31 892
51 872
-26 383
-21 -379
-10 -790
-50 953
-17 900
97 -176
-3 -210
-24 -739
27 843
-90 871
-34 -931
-42 -516
79 945
-87 -986
25 841
65 958
3 915
-79 268
45 -381
7 -414
39 858
-22 800
100 888
76 -912
36 836
21 795
-40 952
-16 871
-72 871
90 867
58 853
-63 883
28 -918
-75 -409
-8 996
98 861
-19 1000
-18 902
-36 -899
-6 952
99 778
-70 -12
-66 890
-62 -210
29 -937
-66 978
-56 980
44 889
53 841
41 846
-63 -739
-82 957
-89 -975
-98 898
-65 998
-15 -71
34 865
73 836
56 -810
2 383
46 861
73 -503
81 762
18 -93
61 -284
36 899
-2 950
-56 945
-14 803
-48 847
-23 837
10 845
-28 984
68 -32
46 888
20 784
95 869
92 -410
-72 -410
-84 907
24 -505
