94
-650 23
-544 48
-948 62
464 54
-550 7
-568 91
-281 91
-354 99
-318 96
-840 44
-108 23
-419 -54
-28 99
-195 -51
-845 79
-544 93
-740 88
-108 79
-550 92
-807 87
-337 -100
-355 -83
-444 97
-840 80
-946 39
-172 6
-568 13
-740 87
-966 57
-815 39
-851 77
-28 39
-948 53
-946 65
-147 7
-355 100
-289 -96
-224 90
-998 56
-219 89
-625 90
-195 88
-341 98
-219 13
-126 15
-368 -79
-57 73
-44 37
-337 97
-946 50
-224 -54
-289 93
-814 83
-219 -53
-494 -51
-544 6
-57 35
-354 97
460 56
-444 -53
-126 80
692 53
-281 -79
-147 83
-341 -99
460 47
727 50
-851 48
-807 35
-283 -83
-44 65
-103 30
-854 49
-103 77
-650 89
-137 82
-172 87
-494 96
330 57
-625 15
-815 82
-814 44
-419 98
-283 92
330 44
-845 47
-137 13
-354 -96
-814 37
-740 30
692 49
-854 73
-28 62
464 48
