263
292 104
-592 -363
-586 -925
-485 -28
-592 105
-474 90
649 -33
-598 -423
873 -520
997 779
925 -198
-479 89
67 -762
108 -781
-479 -603
649 806
919 -905
925 133
-452 588
315 120
-586 442
-545 -54
-427 -336
-451 901
-435 -363
990 -975
728 115
-386 73
872 483
-469 96
-545 72
559 106
-920 517
941 -322
645 -56
974 -951
941 111
-477 115
911 812
903 -195
-587 -27
-583 -119
948 -410
-547 528
-78 122
947 -683
-464 -167
873 90
-921 81
-427 109
949 116
-473 134
108 -233
-409 -82
-78 -48
914 -913
-585 -58
990 67
640 -290
-677 940
303 104
-441 -84
871 625
913 738
-472 -26
668 88
-473 -55
997 -103
67 87
730 707
-409 620
945 688
-464 469
-801 599
887 -442
559 -353
-583 544
973 -64
-113 525
-442 -241
914 76
292 -139
974 -207
-470 -136
-462 546
-586 -119
-801 876
-481 75
874 -170
-547 803
-494 -48
-483 -416
-449 597
680 -60
-481 -916
946 -58
874 -290
-593 78
-478 85
-598 100
-468 90
947 -54
-273 -314
911 -32
933 903
945 80
-480 -49
948 -347
-920 -140
973 728
-589 -135
-593 -904
-594 50
981 -77
-451 -170
-608 131
315 -275
874 442
-470 -44
303 -372
947 70
303 50
-594 531
645 779
-469 -425
947 -951
-441 599
292 522
872 -148
-462 -118
-514 121
728 -314
-230 924
923 34
635 -57
-485 816
-397 112
-591 789
949 -231
-442 -336
946 -220
-612 80
308 -55
913 -62
-399 -347
-478 -846
-477 862
-475 124
640 118
288 132
-587 843
-483 101
-452 -112
-273 -428
-463 -875
-470 785
-554 -231
-113 -136
-78 -249
-472 -190
945 -318
-921 -886
943 -61
-585 767
-612 -892
-608 -203
-463 82
-589 -55
-585 112
-586 74
-475 -233
-397 -321
108 86
-554 126
-477 -26
-472 332
891 512
925 -103
635 772
668 -846
-594 -133
292 -313
-474 -179
871 -81
968 906
-486 -323
680 749
-430 -59
-399 72
-444 50
887 93
-473 -197
-511 103
914 -99
-468 117
-451 -27
-466 530
891 -141
-694 102
308 780
-480 783
-511 483
-588 618
-467 -320
-444 -994
948 108
-435 550
-591 -43
-586 -81
-430 757
-511 -384
559 116
-486 110
933 38
945 114
-435 -114
-588 -83
288 -307
-472 -916
923 902
-584 -283
997 596
903 308
-273 94
-583 728
-466 -134
949 -313
949 106
-587 39
-694 -410
-479 -913
-589 528
925 876
946 127
-451 7
-677 41
668 -683
-484 732
-547 -40
-468 -307
-494 784
-230 40
-399 -940
-449 -99
968 39
-584 119
288 -201
943 743
-386 -931
-474 338
919 77
-442 123
997 625
-467 113
-484 -63
-801 -3
730 -73
-545 782
974 130
-608 132
-514 -250
990 -425
981 688
