4000
7132
5111
638
7836
3809
1278
9578
7590
8245
5903
7611
4788
6810
1510
3564
3359
6412
996
4966
9801
5807
678
9175
9386
4146
1825
4869
9384
3639
2305
8130
1178
5102
2193
1739
1643
2965
7246
7051
2416
3779
5516
4395
3418
4869
9815
6073
5015
8501
210
3966
4891
8993
2883
5513
3775
799
9986
8190
4664
4361
241
7681
6235
7153
8032
8875
19
9254
1943
2049
8302
1848
9176
8699
6579
8112
4443
5158
8833
9849
6449
3882
2753
4101
1130
9517
4540
5516
9757
1047
3314
2938
576
8635
9440
8509
8
2596
3815
4997
5130
9811
1220
8243
7672
7343
1321
3195
7591
4342
5698
7867
2326
6726
3441
8277
6532
2211
6286
4493
9311
2156
2349
1396
9158
772
3984
1955
9418
7645
4814
90
7923
180
6537
7019
7412
263
3776
2014
2339
4064
6623
4173
4032
5980
4931
7655
4039
1531
4916
7358
8803
6935
6108
1580
3999
6226
2641
6330
6907
2584
3438
7754
8681
2193
4461
748
983
364
1696
197
8175
3128
104
4725
546
3826
7641
8670
4481
4764
599
2983
4433
92
8318
8103
413
91
1355
7457
4577
8443
26
8320
5010
1140
1232
1688
4080
4445
3548
5713
8392
4296
296
294
1477
8488
5823
9494
4529
434
2589
9500
6092
9785
6773
1907
9383
2203
3774
8439
8673
3291
3590
4540
2912
7309
9783
5616
8353
9457
5867
5657
218
6838
6295
3296
4741
5949
9370
8949
9673
5854
7055
855
3755
3113
4713
9044
3412
4546
2568
9935
2035
2007
1845
6466
2815
3012
498
5736
2487
881
6250
780
6818
7310
8504
9698
6150
7132
6937
5693
2757
6151
2705
1401
9273
4191
6116
8096
2386
2027
8914
7735
7318
4423
8440
7087
7996
8430
7139
818
1496
3284
2419
3295
5122
2990
5742
433
1906
5469
9829
8947
3179
7616
894
9767
2972
847
6451
4686
9598
4851
2080
7063
1956
2387
7477
1703
2739
3865
6491
7546
3046
1432
1050
3534
6054
5006
4863
9127
2877
1259
8614
1209
4982
236
9878
1697
4143
7484
2562
1554
8106
6483
3440
1462
8464
2006
7194
8317
281
6544
645
7044
2857
70
5525
6954
8925
7033
7594
4515
2192
8089
59
2862
4686
897
7320
3300
410
773
2147
9993
2985
8835
302
437
4324
6567
8358
9802
8258
7544
3607
1131
564
9475
9204
9128
576
708
7767
6708
5779
7401
8798
2348
9686
6298
818
8382
2913
3926
1027
4993
9186
8876
7001
2785
8599
1074
2919
9705
6066
7479
8298
4920
2832
2843
3293
4205
4786
6708
4280
9178
10
7734
184
141
8446
2763
4957
9112
7031
1104
3935
6331
7816
596
1655
2233
5454
4919
4500
903
5163
8519
8392
5094
1492
1141
2460
7346
1249
3940
8891
5521
5341
2949
6093
641
8181
12
7897
3968
8260
8663
1820
6652
6042
2496
9573
3530
8995
3856
5206
8234
3637
2279
700
9830
3148
4360
6067
2619
504
1603
7409
9279
9860
6178
8830
7585
2662
609
2536
7322
1668
451
4154
5783
8674
2095
4989
3591
1018
5127
1250
9936
9316
2977
5873
3512
7793
6136
4882
6925
6885
5076
7405
8598
703
3992
7128
604
2669
6685
9620
8878
5040
510
664
1174
1219
8427
5141
7160
962
7384
2772
7501
447
8858
4531
1219
3501
2092
1679
9276
7554
1108
8894
1861
5921
2919
6802
9670
5121
9133
8294
1797
8393
8209
8345
3138
6745
6825
8736
3785
2376
5289
4315
3907
5988
5516
9881
8175
5589
6218
4765
5344
1179
1189
5747
7343
6474
4370
6050
9538
3106
3471
7402
8896
652
8133
3052
7714
2433
5346
2630
120
8299
5888
7497
7022
106
1586
1772
7672
182
7792
6975
5438
8167
3697
5660
6036
8860
5436
4014
1269
5068
2514
6867
9614
7494
1662
3051
1810
4443
650
2760
8270
302
5616
7370
8620
3440
5720
2220
8459
9309
833
7765
3593
7002
8722
5964
1567
5386
5019
2903
1979
4087
8960
2292
6167
1545
241
2700
407
3077
8272
1029
1830
6057
415
1903
8217
8662
9866
8517
9156
5163
3312
9116
5648
9016
3699
5448
6547
744
6285
1226
5902
827
8571
3787
5921
6303
4622
4520
482
984
4737
9959
5610
1366
19
1539
6997
4916
8146
871
613
1584
206
2589
734
6172
6448
2359
4421
1588
4279
9610
3004
1278
9225
1042
9833
3108
4970
1532
187
1
98
2870
2610
8674
7692
8524
2221
1171
9541
1811
4820
5613
5959
9040
4576
3911
8707
2441
371
4934
7251
9967
9035
5304
7221
5817
6810
3672
1374
4693
4770
7870
7938
3100
6434
6175
5762
5945
4579
290
2743
759
169
9370
1509
6504
160
9492
7173
9552
766
285
613
7208
8096
4302
7067
7637
2737
8311
1276
6477
423
6903
6504
3961
4611
8325
1456
4237
6302
1849
5910
81
319
6453
80
3065
3259
172
6748
8055
1291
5129
8763
7644
5893
3194
2592
4611
8006
5314
8293
600
6439
8751
4453
9019
9184
7906
4732
8476
771
2302
5952
4171
2547
1212
2571
4374
4913
1105
5993
717
4247
1117
3472
8979
9881
9268
2961
5196
5841
3562
4116
4769
3162
6525
9027
3627
9528
7591
3974
7886
7896
5624
4540
9928
7375
3091
5040
3603
9472
6489
5273
4820
5412
932
607
8517
2582
6583
2552
2944
5590
6336
1625
5011
714
9753
1125
7167
7451
7296
7515
5055
3714
1329
6324
210
6057
9652
1657
693
939
6552
4833
56
617
6203
5917
406
7130
8084
4931
1940
7712
5036
4315
6636
3684
9002
1238
8949
9741
6656
6092
3339
4738
831
2709
1342
9920
4775
3482
8069
9100
3260
3098
9207
6993
4023
7754
9719
1377
8267
50
8220
9682
1470
6645
1123
1075
7161
1932
1460
7157
564
3878
6267
5845
8636
5015
6511
8180
764
1513
2996
5791
9135
5930
3889
585
3577
6379
6480
2907
143
7710
4877
8253
5115
6471
5541
6115
9330
338
1852
6728
1389
8877
3433
1979
178
6817
943
6386
9956
9134
5192
9235
9314
8113
5673
8924
8345
2083
5830
649
1602
3455
2152
8407
6439
9633
2597
1028
9780
4923
9003
998
7560
1371
8597
9109
7956
4344
754
6837
7339
2854
8703
6328
9268
9696
4210
5853
2003
8500
4861
4607
9752
3375
1766
8623
8601
3564
7917
2091
3537
2138
3251
801
3486
4907
9230
1218
7828
310
4050
4418
9879
3198
9567
6498
1872
3985
6895
7748
691
7918
8281
3547
1039
3896
4293
9552
2690
8225
9069
9043
5031
6943
3757
6880
453
9580
8309
8846
7714
4957
6801
6215
1208
2275
6372
5056
8206
8979
8855
5490
2958
1711
3498
4946
262
5338
1132
9180
1222
3157
1439
8625
4759
8163
6672
2238
3635
5565
8991
7925
6005
3433
6704
8188
8907
4620
3873
4290
8229
6098
3033
6329
7713
6553
3893
4462
8780
1908
8636
3128
7776
3021
9683
6135
2474
941
4401
9031
142
3579
9599
2180
4896
4651
6420
2211
4249
6154
3351
6284
3496
8363
100
9274
8543
7572
6363
6978
1842
8376
4743
5484
281
15
4157
6850
8058
7107
9741
4401
7598
351
7048
313
1756
1364
8156
703
1296
1748
5247
4572
6307
264
8884
5100
1472
3094
1078
6520
9058
8594
1980
3636
3593
2626
4095
3601
3891
1048
2141
7729
2180
3876
651
1901
7880
401
4383
5032
6091
2639
6746
8635
596
9621
1777
1162
8918
7680
7375
4227
7895
6129
714
2802
520
7106
8890
2636
1388
4916
1828
2077
2234
4783
2765
7267
453
2524
8578
8474
8203
8689
5642
2222
4499
6021
7224
8100
4680
426
7307
5295
5630
9006
4464
9453
3210
2588
9139
2217
4817
835
9966
2494
5168
8646
4109
5001
1111
5976
3328
2593
1946
379
2845
8252
6200
8015
1661
1497
24
6585
3568
549
1398
612
601
2226
8711
8685
1960
2645
5506
6888
5686
5674
1420
4986
2481
532
2094
9098
5287
1643
702
1603
1154
5790
5953
6197
8778
25
8967
1334
3578
3163
498
341
9970
6585
6103
2782
5667
5705
9377
2220
126
9480
7971
3744
9267
2283
6416
9588
6803
5497
3701
6106
6328
7711
8751
9447
4334
5336
5534
6304
4010
3673
1174
8115
2245
4347
4303
5295
9054
4003
6524
8243
3670
7900
6646
4158
4659
8371
6294
3331
9225
6403
2285
9119
8007
2709
604
1391
3197
9200
5083
7250
4548
3436
5636
8212
4212
1331
5087
2023
6456
4161
1884
1866
8658
8483
9633
3602
9229
9824
8211
8798
3076
687
9161
5906
2363
7848
2587
2007
9928
5807
1045
154
3951
6515
4529
8685
7881
8308
2649
1101
4494
8042
5092
7307
5535
5158
5556
297
4621
7643
4700
641
390
9236
7956
1976
4763
4208
9761
7090
9880
1957
7582
669
3898
9748
8237
2137
3293
2505
6649
637
7287
9845
3224
2177
691
2650
2553
6516
1565
7614
4194
9593
2493
2156
5766
2530
6184
5677
7557
4255
2281
4711
625
3803
302
6345
700
218
3065
515
421
1929
97
6648
3914
4248
4230
9909
5554
4689
7722
9278
9315
93
6020
3330
6118
1718
5764
8042
9035
7634
335
3822
2486
5294
235
7822
1640
8449
1889
8682
1968
9095
6074
3220
2405
4461
4086
435
887
7826
4933
1580
6060
9194
4324
9774
6860
8897
246
7075
5847
8134
8897
5486
5228
8723
4990
8400
8437
6551
9019
7255
5608
4945
3503
7524
3299
3855
30
4507
9243
7153
3996
6901
1724
350
5428
1057
5735
316
7278
4319
9555
4429
1953
4878
2982
2683
8575
4103
2619
4646
3861
8075
908
8756
2344
8963
3287
7084
5039
6387
4820
9045
6696
6651
6391
4418
7933
6520
3421
7430
4760
6388
8974
1365
2710
7970
4061
7261
7168
8001
7964
2885
2402
6861
856
8071
115
3451
7332
1490
3986
7005
3611
6138
8015
1698
8285
8374
6655
5352
2469
7640
5971
1947
906
6331
4453
2394
5612
9994
5096
5662
6322
7055
6499
7660
7261
1963
8852
4889
9706
2206
955
3943
4542
3091
5079
3414
6921
1195
2230
8019
8293
8189
8391
7521
2620
4017
991
3892
6054
9910
8978
401
3344
8316
4910
4872
5531
7555
5787
6061
7336
2334
2643
5797
2537
1400
3183
4575
3955
7452
4691
3573
6301
3820
7118
2331
4166
1570
1644
2059
7947
2099
9151
142
2438
8645
7974
5664
6328
6569
4937
5602
2701
3780
562
7015
9935
6481
9290
5996
9234
8712
7988
8186
98
206
97
5611
7266
1702
3571
1239
5444
8807
3459
9802
4128
2052
5209
4968
7288
2268
5976
6781
5823
6813
6789
8516
2350
3479
4779
5066
6894
8713
5273
4569
5442
2566
804
6014
1873
1694
671
9309
4793
6232
4043
1804
3232
2742
6621
6018
5918
356
5241
1045
4245
8123
1388
943
9395
320
6047
2902
1342
3212
6108
3588
4943
5385
582
9668
1636
9803
9789
6834
1425
7609
6221
6065
1205
2875
2921
5591
7572
2669
7987
8043
3532
8897
3291
2471
4616
8571
36
2811
5785
7347
3396
464
3414
3757
2946
2997
1832
8207
615
8821
3919
1660
1693
8562
2187
6042
1964
2485
7690
8346
3931
6661
5327
6307
2892
7485
7448
150
1539
6710
7048
4637
9270
172
6464
9020
8894
7515
72
2749
5982
1265
7767
3476
804
9044
2894
3323
8786
8533
6881
6685
5660
8285
8894
7342
2620
5138
8376
1900
4720
5016
3257
6548
8285
5951
1141
1505
353
3750
2527
6286
9559
1566
5559
5581
958
828
9417
7478
1740
6175
9484
436
2892
7269
381
824
233
1500
6026
2805
7247
8441
8722
6350
975
5458
2158
2908
1923
2696
7476
5459
3359
103
6114
4254
8371
3114
5140
7569
9305
7583
7782
1046
2416
8702
3796
2148
1887
1569
2939
6466
4785
7489
3792
2469
5052
2492
9624
5975
6449
3200
8584
3956
8007
4116
8856
212
57
1006
5096
3017
6370
3933
981
1311
3326
3809
5989
2166
1672
7409
9887
1240
9813
9420
4120
1591
7529
7833
7724
4864
4447
7784
667
3135
7504
4700
7532
9341
5759
5770
7474
7380
4005
27
8301
3185
5266
5174
4871
1647
6218
5435
1777
3877
3150
942
3518
547
4754
1778
3216
2147
199
9126
9431
4183
4988
2570
4825
4028
188
4359
7865
6598
2992
837
3872
7050
3396
2017
8376
5286
1532
1039
590
811
1094
5087
2071
1165
9454
4207
2458
7750
1874
3909
717
2508
6689
6043
3159
3169
5637
1260
9266
4893
387
9079
2551
8010
2953
576
6441
6108
8302
4567
3296
2722
8729
29
6254
6147
3960
993
3238
7172
3962
6539
1856
9206
9121
9783
8337
1493
5294
1218
5645
7002
1595
6809
6034
1017
2237
6319
9508
634
6915
2904
2229
5187
1636
8267
4025
2898
1741
3362
8214
7076
9378
9466
4156
1660
2749
1014
8031
9840
4719
501
1434
8892
675
6871
9528
7047
1273
4915
2275
8843
7288
5225
6974
4313
2939
4206
1718
999
1105
5363
1877
3769
830
8242
4132
2808
597
8613
4260
9265
3737
215
9346
9745
4699
7637
2497
6545
1661
4107
2307
7188
6896
6597
8507
4133
5432
3009
4784
7464
67
4413
9880
4078
5286
9905
1488
8884
4196
1663
1923
8234
3960
8234
2330
8124
1524
3396
8567
2620
4458
2558
9218
2320
8687
1374
268
1593
441
6670
3112
5445
4113
171
7430
8956
6571
7111
9657
3410
2093
3589
7213
9072
8190
6698
398
2318
3516
9071
541
849
3832
1121
5544
4351
9836
5275
8634
144
6433
4657
3980
3466
2260
5896
1152
2071
9266
6516
6067
661
281
8823
6035
7336
6682
1690
5497
5854
8784
9476
9706
1511
6826
3871
2851
4449
4718
909
3460
2576
5592
504
8035
7063
2221
9673
8908
5504
8264
9910
1564
9050
2866
9570
3545
1093
9621
1544
6405
4726
4395
5166
6952
6302
9833
9672
2035
2590
3641
7845
3967
2498
1917
5415
5973
3494
7864
5591
8550
2971
5826
4439
2259
9660
6991
938
6064
8737
1184
2698
1489
5293
5271
2529
8084
844
1404
8713
6573
506
1265
2259
718
3787
263
1428
6808
8778
3780
6994
4284
3728
2823
3787
4556
3290
4177
5139
7652
9676
6305
9159
976
8758
3805
9990
2538
8459
9627
4013
7669
9211
7736
1516
4257
8490
3519
5677
7977
9831
8747
9182
4087
1376
9137
1108
3969
1614
4255
5506
821
488
4872
3110
6547
6566
2771
9568
8911
3088
2213
9806
9057
2046
9490
5385
9069
1079
5477
4175
5295
1471
9112
21
3112
2177
9710
6738
8397
3587
1579
7630
9946
3539
2299
2853
9671
4508
2808
9493
3871
3522
9565
1474
6587
7620
1986
2065
4887
1857
5931
1471
4731
1740
9702
2286
4838
9563
1131
9036
5857
9540
8654
5385
8064
4775
631
8626
8676
4312
7928
3130
756
7824
7330
5326
4160
2180
4744
2592
2000
1503
4892
5668
1852
7544
1691
1652
1533
5924
1582
7361
1867
561
6665
824
6742
9779
687
8681
2996
7338
3410
9440
9639
9426
599
8579
6213
66
108
6485
6862
5271
2044
6550
4841
7412
3878
1263
6220
2477
1416
2906
9984
6320
3294
5003
1214
2105
6420
9424
8043
4517
3313
3861
8559
171
6156
5758
4556
6229
7512
3585
5003
9352
2060
4425
5313
1291
2840
7905
6842
3111
8374
8538
1039
9202
9281
5632
8811
9997
9401
6574
490
500
5199
3811
449
3289
5755
6584
9958
2806
266
2856
8603
621
7255
5354
468
7541
3097
9454
5710
5865
4845
3669
984
9186
2463
1213
6194
2367
7454
3351
3921
1804
4291
2865
8133
8704
1066
2315
3518
4550
6945
3506
8717
8087
8297
3480
3375
5968
3807
3845
4095
2815
5797
9621
9035
9187
1978
4379
7854
190
6783
3602
3744
9047
4863
343
6706
8394
6130
2381
7275
1157
7099
1359
5319
2499
3112
6713
5094
6869
6075
2029
2646
5666
8176
3955
1391
6446
9544
6630
9945
2974
3054
4063
1482
9839
9007
895
7041
3765
7240
6104
3775
489
8401
8895
5315
7670
8796
1058
688
7629
5746
4771
5913
8518
4506
1205
6533
5893
124
4731
6933
4147
4710
358
754
6879
7485
7965
6649
4796
2569
4234
5726
3878
4454
6311
7845
7055
3544
6417
6568
1980
8704
4727
6002
6109
6218
7334
2913
5014
2462
3675
3907
1787
781
3583
437
4944
7937
1483
3482
6299
6486
8148
9578
7961
9277
299
3301
9308
5095
7907
9358
8758
6396
9343
5379
4604
8001
4095
9675
8773
5317
208
8041
526
543
7091
4244
5281
2808
9825
3879
5328
1984
5163
2228
5442
3267
2262
5952
3548
6283
7781
3252
3407
2051
770
2599
4240
7817
8004
6070
4764
5394
8146
2095
850
5350
4920
842
8003
9618
3010
7589
9051
8383
9734
1425
5473
2781
7900
4744
9167
7664
1467
8010
1247
2606
1048
5387
5173
2080
7160
5592
4348
543
9637
4746
3381
869
4672
951
8095
9167
3175
8894
3619
4678
3790
6979
6628
4396
5432
8834
7425
448
6850
6012
4043
1720
6249
5509
5570
329
286
7657
9701
4954
3171
3173
4808
7679
6913
1723
3010
4637
6461
8608
1751
9275
5475
6308
5094
7824
5397
210
8602
1294
601
2134
3041
6618
4634
3242
1576
1355
1893
5772
5427
6385
753
7660
3451
7645
4536
1881
8936
2524
3418
8646
2365
2104
2582
6983
7430
251
5709
3848
9530
7211
3914
1285
5589
8493
4554
6066
3068
2777
7868
1291
6220
4617
276
2339
3899
2505
8145
4920
526
2614
6295
8704
8777
5707
2091
5806
6320
1862
5488
9516
1436
3649
7416
4011
9463
1833
8414
8418
1096
4060
6655
3212
1741
5755
5857
3053
7913
8227
2921
7934
219
7563
8266
2061
3127
6781
8945
5450
1471
6195
5311
5795
6818
2439
8530
7276
518
6996
6012
2206
7655
9539
3723
3744
3427
6065
5407
6010
3566
4954
3095
8968
6586
610
1303
6972
5842
4797
8037
4860
3588
2199
7392
4554
8127
8818
5240
2520
9115
2817
3551
106
94
285
867
4639
1299
3431
9980
6957
2078
3654
5856
6294
9571
7290
7772
357
9802
430
9979
2786
5541
4623
8597
9668
7596
4045
4183
7995
8219
4652
6850
4126
2068
7419
7330
9135
1078
5405
9970
5210
1666
2124
1503
8369
1179
7677
9649
3143
9485
6219
194
851
3129
3552
4042
9181
19
6917
9971
3017
8859
1091
1123
4585
6028
9098
9658
8
3133
7367
2383
6833
7781
3418
176
5670
3615
7210
8580
4930
5259
682
8258
4164
6309
6857
8808
2245
9684
1590
2047
8675
4788
1786
6093
7568
1923
4996
6012
2234
2404
8126
8078
1696
6022
6212
6725
9934
4310
5670
2104
241
6998
5037
4182
8559
7806
7701
7699
8888
4679
3559
7598
1107
5785
6767
6161
8338
6832
329
7703
1361
5822
5497
3387
1955
6609
5104
8835
2657
2248
9223
1680
7515
1801
2792
7586
283
379
5457
1922
3392
8545
671
9156
6281
614
9952
4500
571
8947
9868
1824
7009
4553
5026
1658
9500
4075
1910
2825
5116
5759
6917
1576
5043
1694
4021
6958
44
5893
7011
727
9828
4229
4361
5307
4676
2531
5746
6134
8706
9454
2583
7039
9049
1580
5383
7078
1821
6392
8460
8859
5534
7014
4981
1901
6303
2472
5126
7463
2896
3952
552
8714
2449
5079
4170
2420
7601
554
1257
8585
3330
127
9403
2481
7024
6210
4489
9373
34
2782
8178
8353
5134
2918
9288
5089
3629
1134
3690
441
4736
3932
9040
847
741
1803
3584
8027
1175
6612
4794
4209
900
9771
3720
4873
8875
5223
1334
9338
8038
1427
4272
9791
8399
7
7615
2061
9986
8039
212
7
1069
8634
9924
1660
8675
9929
8416
6369
4759
5563
5465
2841
420
5436
2649
3811
2065
6769
1312
9171
8001
6810
7507
4361
1112
9517
7826
3817
7282
1600
2854
3086
8924
91
5957
5651
4012
4082
149
4467
974
52
69
8359
9293
1203
2652
4257
1205
7121
7581
7564
2924
3347
7491
820
1397
5857
8153
684
5375
1303
5734
966
7026
5479
3004
1453
1447
6702
1280
367
303
3938
1173
7814
6029
6152
4834
9024
8878
2268
1619
3195
5621
8659
1638
5432
3260
9364
1585
3703
7237
2071
6448
9174
7010
697
3124
5126
9466
5498
2710
4383
7894
5459
4128
5184
815
691
5663
9614
6771
6634
2668
2588
4379
2017
8708
4155
8720
4385
7901
9809
7090
1892
4449
3244
3899
1059
4799
5598
6791
4851
5857
8390
4630
2006
5826
2131
2855
9474
3624
5284
8670
8082
7196
166
597
7065
9735
6720
4945
9201
5793
2055
6035
2797
3428
2836
3704
5043
1025
6602
6593
7583
1842
4059
5090
6835
5566
9853
9296
106
1427
2873
6030
8374
6106
3134
5291
8482
3614
3112
8806
624
7575
2265
1275
2990
7508
3108
2564
2230
5927
5411
9895
1207
2453
449
5043
9969
9512
3341
9000
5268
5820
2381
251
4749
6802
7028
3912
9883
1762
7617
5603
3523
3934
8834
3913
3350
171
9332
1312
9000
1637
8961
3637
1828
340
7895
3531
2672
2142
6206
8403
3539
5253
6911
9898
4037
5343
1551
6945
378
1773
2311
457
306
5045
3214
6995
5765
3977
6550
5205
6498
424
1554
2701
9366
2264
4765
3344
199
5078
7115
3821
7283
6697
8280
94
5325
6487
7445
1741
9017
9108
1221
1589
9261
9804
8791
916
4280
897
7429
8981
6907
9028
7053
6943
1446
3355
5650
2704
7472
1327
5024
4831
51
6843
218
4885
800
5554
4038
5487
846
6386
5184
3301
4235
2801
2249
8583
5633
1511
1659
2255
44
2390
651
4772
8626
5518
3962
3229
8669
4275
978
1493
8749
8363
9602
5031
9492
8162
8172
8573
6726
9971
3242
8074
5742
8831
911
9005
7215
5575
4473
8552
366
6889
3413
7270
1383
156
7370
4341
2962
7567
9520
5535
8105
2599
9136
2406
5419
9665
5096
2880
8151
3151
8964
2351
9123
9249
6777
21
7439
5816
5863
5229
720
1612
2420
9081
9315
6679
4252
5615
5480
5562
4089
9614
2115
7279
7592
102
9068
8126
3877
2066
5985
6395
2667
9309
8601
5994
7568
2849
9769
8250
6401
9264
5760
7130
6301
2722
390
2194
4412
1309
278
2219
3363
4906
8453
1856
9427
3075
5926
2596
2351
8619
9643
1102
9201
269
5862
6605
5031
3683
2987
5507
6711
9209
2865
7422
9445
2177
7304
7158
7071
5422
1530
3622
8855
48
5306
1268
3964
2951
5456
2384
2286
8840
5251
7086
127
4591
1218
4450
6879
675
4938
6889
1445
5819
1932
2568
2031
8666
3986
2524
6863
9648
7010
9881
3434
907
123
9904
6900
6714
3848
9441
4361
1955
419
8295
5251
9360
3169
7746
3889
2936
4638
7644
3059
4173
9473
2637
4611
8108
5798
8783
8188
7955
2740
8192
3877
337
5792
7869
2321
7709
2639
3873
7767
3158
405
2830
3464
604
8445
5413
7029
4352
982
4706
3157
6824
5221
8541
3710
4702
7905
3023
1866
1761
4005
9893
504
8012
99
1214
4906
7250
7080
6293
8290
738
4732
3102
6888
3223
3893
384
3729
4038
114
6909
4168
9417
2023
1742
9331
8710
1527
1347
5406
847
8722
8965
5089
525
4056
1381
640
5875
871
4910
6091
5130
5765
4951
9495
4053
3871
7912
2391
9674
4211
5626
5701
1744
7557
6910
1077
6287
2275
6685
8276
417
3729
8888
6811
7778
4075
7778
3402
3945
3027
7324
6313
3251
4522
3480
1390
4231
9483
9102
8579
1955
3061
3753
3530
2967
4945
7776
3066
7421
2649
4685
8011
4936
6499
6713
2278
8283
2346
9072
4357
7693
5129
2885
6452
9047
9647
6613
8372
6084
1399
2852
7461
1275
8147
7693
1417
178
2099
3724
6611
7811
9247
7619
2055
144
3217
5180
2348
1026
8578
2214
4065
8302
3445
3788
4380
6715
8178
7828
7957
6774
27
7378
9328
6490
2959
2734
9235
8239
6649
4590
520
4070
8427
5676
4030
1813
2519
9790
1530
9689
8174
3226
7783
6448
1291
2696
1013
5352
6041
7583
712
4313
5362
7272
7352
8999
2028
2405
3936
2706
8668
292
2008-08-08-20:08
2008-08-08-20:08
