100 100
0 33 19 99 84 7 73 88 52 28 35 19 44 88 26 34 26 100 50 17 95 95 37 67 31 78 19 49 78 59 29 39 93 14 37 76 21 10 29 39 38 30 58 82 17 84 82 9 49 32 26 9 93 30 77 24 7 96 39 85 55 35 23 13 49 27 55 37 3 84 76 41 81 0 90 98 50 71 7 66 69 33 75 62 29 51 52 37 13 91 88 34 92 78 47 41 4 68 44 7 
51 19 14 31 86 70 96 36 7 2 1 42 1 76 3 98 94 21 34 6 79 88 6 70 65 53 77 35 87 20 8 37 6 90 35 92 59 30 94 32 99 95 75 66 37 44 63 97 66 63 69 44 51 75 13 82 94 57 17 80 77 92 83 83 81 17 41 6 13 34 38 78 96 12 44 99 23 73 95 89 36 63 99 53 3 78 34 97 34 51 76 11 9 58 60 90 42 67 62 55 
68 0 100 63 79 9 27 1 82 88 90 84 16 54 36 19 32 71 15 66 88 91 43 97 48 3 53 90 36 14 11 3 81 10 32 60 86 59 27 67 12 84 17 28 37 53 47 69 90 62 35 44 18 78 6 33 47 25 22 84 40 100 53 87 76 86 46 61 10 40 95 23 23 11 17 60 30 65 29 87 93 30 30 11 7 2 44 21 28 32 71 34 32 90 20 74 75 33 35 52 
73 96 41 96 73 58 55 69 22 50 55 82 80 51 93 54 54 2 41 48 34 11 82 32 0 1 6 42 34 41 60 73 36 0 68 75 24 90 43 13 5 99 95 86 15 53 5 35 55 46 83 89 23 64 21 90 66 27 31 66 34 57 5 36 23 39 10 48 28 53 27 34 17 21 86 100 40 91 34 95 36 17 49 25 81 36 14 12 29 12 45 63 69 50 65 59 89 41 73 84 
61 100 84 78 87 69 43 26 25 78 87 27 95 35 52 41 72 66 20 67 78 65 30 13 81 61 72 69 2 44 18 63 9 1 6 96 36 50 88 61 94 74 54 88 75 5 95 46 38 14 13 82 79 9 61 25 36 32 61 38 42 79 67 51 47 74 12 83 90 100 10 83 39 64 36 14 36 30 26 40 45 5 21 90 14 83 15 51 81 42 55 90 20 22 6 67 62 19 16 17 
85 26 100 24 56 1 4 58 31 30 98 42 36 86 99 16 68 80 67 14 21 89 70 7 77 77 41 38 62 57 55 46 49 20 36 71 88 40 29 85 37 93 27 73 78 92 89 11 37 22 93 58 10 62 31 87 38 72 91 66 95 11 79 9 98 14 47 85 21 42 69 24 34 62 97 79 53 51 90 90 73 48 13 49 10 11 1 14 49 92 81 10 69 59 19 66 39 32 50 26 
74 19 50 75 47 12 53 67 64 8 22 36 57 36 52 33 13 53 47 62 11 27 72 80 52 58 12 92 90 62 17 30 47 34 71 95 46 90 61 9 64 83 12 87 85 30 19 64 83 67 26 60 60 64 6 79 21 18 70 78 80 53 74 94 87 10 54 100 100 14 8 63 63 87 16 14 16 35 78 66 68 70 25 95 34 31 73 21 15 8 65 96 61 38 55 14 48 8 13 13 
89 21 43 51 75 59 31 91 60 9 56 28 45 48 89 79 45 61 0 61 69 31 22 96 70 77 9 84 85 22 64 73 10 6 90 51 31 21 41 91 97 64 85 41 11 39 87 22 100 53 83 34 84 4 30 53 81 5 3 31 95 33 70 4 39 60 55 36 47 62 93 9 92 44 50 2 83 2 92 49 55 74 49 39 79 79 58 25 51 61 23 45 94 93 15 99 18 36 0 65 
98 94 74 56 37 91 58 86 93 15 34 14 90 84 53 34 28 10 25 79 38 48 90 98 41 4 63 59 6 63 91 71 22 30 26 25 87 50 11 46 66 45 60 55 95 12 55 23 89 80 68 93 28 58 57 35 28 86 60 35 14 16 72 37 47 98 62 33 47 39 45 12 85 4 33 45 83 88 68 38 68 2 30 62 26 53 63 54 38 22 55 53 5 26 56 52 23 84 51 37 
23 97 49 74 0 49 18 50 36 53 88 70 55 84 31 81 37 60 0 41 83 22 60 88 48 15 5 38 66 22 75 55 18 90 28 86 38 12 35 41 31 89 10 52 72 8 32 75 68 100 16 16 21 42 70 35 24 41 73 90 64 13 44 82 70 38 33 74 16 34 81 48 22 92 100 95 66 99 35 100 98 51 16 85 60 52 19 84 94 59 73 23 38 83 4 74 20 4 14 36 
38 95 50 61 52 50 21 17 14 56 17 78 74 100 62 33 17 47 83 10 5 55 33 10 37 4 84 23 75 98 25 12 93 76 39 44 92 60 28 5 83 11 49 22 10 10 55 27 57 37 4 29 58 3 39 61 74 22 50 48 87 75 61 79 16 66 89 74 26 83 45 75 94 94 97 70 3 17 64 27 20 34 56 78 37 95 4 78 16 54 25 69 95 52 47 78 18 2 51 10 
85 97 85 45 90 47 14 60 64 44 87 84 78 42 27 82 36 31 59 18 51 84 88 45 2 0 22 87 69 40 97 20 36 47 65 92 94 45 17 57 90 3 6 33 11 33 14 13 30 73 99 81 23 52 92 25 18 81 11 88 20 74 74 22 87 38 80 80 49 98 2 4 67 75 38 45 7 52 58 3 92 22 84 14 74 75 5 93 21 83 46 41 56 19 29 8 23 9 54 72 
73 22 77 5 97 81 50 70 32 8 73 23 30 56 3 71 97 8 29 18 91 75 25 12 60 21 20 83 30 74 20 69 96 63 74 92 43 24 61 42 99 100 31 28 55 35 65 18 43 94 2 0 68 94 12 94 14 33 76 44 6 97 79 69 25 53 26 69 77 88 77 41 87 7 69 8 42 0 93 52 94 95 52 28 88 64 21 2 63 64 12 36 26 92 4 51 10 30 86 87 
84 62 27 37 70 62 11 78 28 3 29 22 98 47 16 51 78 3 53 40 67 32 76 93 23 46 10 33 43 96 86 26 58 79 63 94 6 40 71 35 43 67 23 40 13 39 92 57 42 10 98 76 42 39 34 31 52 10 64 95 6 15 20 30 94 50 23 0 90 60 1 33 26 24 39 6 29 97 63 37 74 26 12 15 32 13 13 84 23 77 78 29 59 64 25 18 13 48 18 70 
8 86 69 0 9 74 6 38 71 36 76 10 62 54 25 60 33 4 43 57 82 20 52 6 85 78 24 64 92 9 100 66 95 68 67 71 8 39 75 45 75 16 55 3 71 46 63 70 51 6 26 99 93 45 4 43 89 28 7 80 3 73 46 99 41 79 35 15 17 9 60 93 26 14 62 63 26 24 32 77 97 25 75 90 70 45 32 58 40 5 3 43 79 15 7 86 94 42 0 78 
52 26 36 78 6 98 6 32 88 38 9 85 63 50 40 32 62 38 56 1 44 26 10 89 41 18 74 1 26 40 45 78 66 81 21 72 44 27 3 31 66 79 82 95 96 88 94 57 26 49 24 36 75 34 24 83 18 98 50 45 3 95 22 69 75 10 40 18 3 9 15 69 89 64 30 50 51 23 6 77 72 97 79 13 30 2 62 49 66 11 60 69 72 82 37 12 58 43 97 62 
53 11 97 7 75 26 57 26 49 29 69 88 92 48 67 21 16 95 36 83 72 96 51 43 44 55 55 68 98 51 29 16 28 26 23 70 18 46 96 34 41 30 88 32 44 54 20 61 48 22 9 86 85 26 28 28 81 49 96 45 66 92 27 60 84 17 29 1 63 91 35 71 21 22 69 65 42 89 92 56 11 0 41 96 27 35 90 74 50 51 18 82 42 46 42 92 29 71 94 92 
28 95 28 49 84 98 80 25 86 72 48 63 38 55 24 65 57 80 39 6 31 23 55 39 35 97 31 64 33 91 22 61 85 50 76 34 47 56 26 100 94 74 28 31 95 53 97 51 99 1 24 29 24 79 35 26 41 32 90 74 22 11 1 73 28 77 7 41 99 33 6 92 73 35 90 67 54 52 85 52 53 8 48 43 87 83 35 27 81 25 67 2 2 68 41 30 11 14 72 9 
47 78 68 86 79 23 19 32 75 70 51 94 78 99 2 30 47 38 57 27 63 90 96 31 24 36 62 35 51 100 10 64 43 44 16 22 67 1 20 41 71 37 34 48 1 3 44 14 41 67 7 70 56 2 0 80 5 62 81 22 27 92 52 71 35 34 59 2 35 79 9 5 16 10 19 84 13 29 99 54 96 5 23 52 8 23 98 80 52 79 1 79 70 19 15 71 54 74 39 89 
53 49 61 35 59 46 18 72 76 83 92 71 89 14 89 63 3 87 42 21 65 9 67 0 28 82 71 48 56 10 37 75 59 64 76 84 76 60 55 51 43 12 89 31 26 77 94 96 63 1 17 94 77 50 94 4 31 65 53 87 41 56 27 66 86 2 49 61 63 70 12 72 82 67 69 74 43 28 69 73 29 52 66 5 1 60 76 100 91 95 52 31 16 80 97 1 48 45 63 77 
81 41 48 62 7 16 1 16 44 36 89 39 89 21 44 56 81 87 55 37 81 7 68 98 53 30 65 0 75 27 78 21 34 25 49 7 8 50 91 18 86 79 58 40 66 68 63 12 54 17 49 1 91 16 65 9 46 29 10 87 23 54 74 23 45 22 31 53 72 21 72 24 66 96 64 99 63 26 10 84 10 60 85 67 76 15 77 89 44 53 41 33 6 15 57 51 37 54 4 76 
75 42 100 6 37 63 4 66 56 15 49 66 41 100 99 83 14 75 71 25 27 79 58 33 94 14 85 97 34 55 72 75 63 71 82 66 0 52 31 22 33 47 88 74 46 86 57 61 27 94 86 20 72 9 54 31 91 4 28 24 25 66 100 88 3 47 53 70 99 50 92 99 97 79 38 43 30 95 70 23 55 21 44 93 97 64 91 87 68 85 11 59 50 77 12 19 23 31 89 88 
81 80 52 78 24 91 87 21 51 22 44 5 9 54 65 5 17 55 59 51 5 70 9 55 12 21 75 1 52 29 89 100 9 41 43 33 98 29 54 48 17 65 20 26 18 85 98 36 5 56 87 10 92 63 31 3 50 72 4 69 1 60 68 77 67 10 9 64 5 30 78 22 61 98 14 79 48 78 81 53 34 34 29 25 97 61 96 12 99 66 81 100 92 48 76 58 58 52 88 29 
48 32 17 8 29 31 87 78 9 34 97 9 68 26 34 30 53 96 42 51 62 23 17 53 71 59 78 96 10 31 24 58 63 42 32 59 39 86 2 14 19 99 23 87 91 24 16 9 86 24 61 47 47 78 67 85 36 10 46 13 7 36 37 71 44 70 96 84 55 98 64 40 62 88 93 19 78 75 28 63 99 89 77 12 32 9 97 35 19 42 14 26 78 51 63 22 87 24 72 7 
21 35 47 50 89 39 69 32 80 97 96 79 52 38 91 50 47 87 85 32 95 99 58 38 16 88 60 2 11 98 10 100 100 23 15 54 29 84 87 8 46 48 87 98 86 43 48 99 96 99 30 90 98 54 28 80 7 54 82 19 18 58 85 17 48 100 71 77 49 23 85 95 71 38 93 22 81 6 20 43 4 16 32 68 71 26 47 78 47 96 63 65 19 47 48 67 12 85 43 61 
8 95 56 45 99 14 34 45 87 20 88 57 37 87 92 74 12 4 51 25 100 81 56 19 94 70 52 6 55 96 33 29 56 55 40 54 35 74 99 21 61 87 45 98 73 36 37 51 40 54 43 6 34 99 92 28 69 43 0 90 4 33 18 60 55 24 13 90 65 79 78 25 65 22 89 3 24 25 54 30 79 97 36 13 62 94 7 30 3 7 19 7 6 3 34 61 27 13 51 92 
92 28 83 56 16 71 25 40 96 80 70 41 42 73 20 3 66 27 100 35 0 85 9 73 54 43 34 48 22 51 39 14 45 89 36 61 59 62 0 21 7 36 28 15 8 48 86 41 41 85 42 7 36 51 80 90 60 13 3 83 30 9 63 75 98 65 35 56 26 1 43 100 4 71 15 12 85 67 19 25 17 62 99 53 79 79 9 39 58 12 21 89 21 50 63 18 14 65 41 41 
32 50 6 36 21 88 15 5 54 0 98 72 62 96 91 41 74 100 46 99 79 67 87 66 16 15 51 30 46 92 37 79 41 10 14 28 98 96 34 18 97 98 56 24 93 46 65 33 12 10 31 91 43 84 22 25 65 73 22 11 30 25 56 38 35 36 66 100 32 66 84 28 63 39 52 22 85 84 21 63 60 52 19 70 1 42 95 32 81 83 43 11 8 65 49 43 1 81 8 33 
13 92 27 42 30 79 64 82 28 51 44 55 2 30 24 70 72 85 2 52 68 11 29 76 77 44 18 78 92 27 77 4 85 3 12 15 48 77 97 77 94 6 31 97 36 21 32 74 5 0 93 73 12 21 48 55 32 33 99 23 26 75 94 10 78 5 92 25 48 54 68 42 61 99 4 63 86 36 3 92 37 96 30 15 83 79 36 14 78 34 3 70 8 97 46 52 2 38 77 50 
92 45 92 18 9 96 82 96 99 85 53 1 46 83 83 28 27 18 9 4 52 79 40 26 76 87 78 78 91 20 94 82 31 86 67 41 47 48 2 45 99 55 46 44 37 28 38 65 46 13 35 64 93 42 56 68 28 33 11 85 20 4 32 51 56 99 58 3 12 60 48 10 14 61 20 18 89 25 83 1 38 84 31 97 25 88 30 19 87 41 3 6 12 36 58 68 0 15 71 13 
42 86 90 22 46 77 40 0 1 89 1 5 73 33 69 64 87 99 84 73 40 53 80 18 55 3 86 56 85 23 69 26 8 24 49 54 0 55 54 68 44 22 74 83 21 8 46 7 6 96 80 12 49 25 30 3 28 83 25 13 5 94 5 13 85 20 33 85 76 53 53 19 75 93 68 62 0 80 69 73 76 15 86 91 40 82 60 35 64 86 14 69 45 19 48 29 40 47 81 82 
0 100 0 41 92 34 3 58 13 38 30 89 53 15 45 60 98 5 95 27 91 8 97 1 94 10 31 100 58 11 81 24 10 47 31 68 81 0 92 95 39 21 49 58 3 95 84 67 100 78 94 56 52 56 57 12 33 88 11 91 65 93 14 41 5 11 75 87 12 66 81 51 54 29 75 57 23 59 90 89 2 49 44 55 72 68 67 4 55 44 95 87 2 75 94 8 86 69 95 98 
0 41 14 54 70 56 77 60 14 32 14 16 82 25 37 19 93 70 23 13 14 84 100 16 24 60 91 76 28 85 40 95 25 54 49 62 9 92 88 90 24 68 6 72 93 43 91 85 13 13 99 94 63 64 76 87 23 67 62 17 51 1 12 43 22 27 71 31 18 24 88 42 92 94 13 51 2 70 35 82 83 100 41 45 64 17 98 53 84 60 71 0 27 49 9 49 76 46 47 60 
70 34 2 28 94 82 79 96 52 80 44 0 46 85 12 9 1 9 28 51 35 65 52 63 13 27 11 55 74 24 15 9 58 84 37 51 65 82 13 83 28 57 50 74 7 28 49 9 3 77 26 39 42 78 68 21 5 45 77 45 70 58 54 27 41 92 45 72 39 58 55 67 81 71 40 88 99 89 63 1 32 90 6 74 33 74 61 4 19 3 49 89 61 3 82 1 61 26 74 100 
84 95 33 64 65 73 18 29 28 81 30 60 36 37 100 70 10 60 74 96 64 23 50 91 93 32 93 53 58 32 18 8 93 51 38 23 91 56 52 18 3 82 78 39 85 43 8 62 2 83 57 32 72 7 23 64 39 82 83 63 80 0 37 72 18 76 95 8 98 46 26 0 94 70 6 79 79 81 40 81 29 63 80 0 70 2 30 75 50 12 4 29 13 41 0 31 16 95 5 81 
6 98 47 100 67 53 44 11 34 84 92 63 47 37 30 83 5 60 24 55 73 28 84 52 69 50 83 52 10 54 32 16 51 79 83 84 99 26 95 99 77 86 61 90 90 57 38 95 17 62 50 56 90 100 7 59 50 56 77 60 9 8 43 60 53 25 43 17 17 37 15 60 89 43 15 78 100 54 73 83 15 89 38 5 88 45 30 3 0 6 30 76 81 73 35 100 64 44 17 47 
81 99 7 36 7 89 13 74 42 52 56 58 6 61 29 61 5 59 64 73 31 94 48 11 32 50 77 62 94 94 9 41 59 83 77 32 71 56 5 80 75 62 37 81 22 66 41 94 91 72 32 21 31 47 32 64 97 8 25 56 69 0 97 94 49 39 25 20 62 31 100 36 59 2 83 47 34 91 6 24 62 39 45 93 86 43 56 48 17 48 3 52 14 67 45 64 72 37 84 33 
34 49 69 59 17 18 72 51 8 78 41 70 83 86 28 34 95 51 82 78 65 52 30 79 18 41 42 90 44 92 23 78 40 58 2 23 42 74 40 50 18 81 86 67 32 81 1 26 31 83 4 96 34 0 74 18 7 16 8 52 7 98 96 14 21 99 3 64 38 44 80 22 24 32 90 57 12 91 49 43 39 19 4 74 19 44 92 27 60 66 45 34 29 40 14 51 4 17 81 43 
61 26 31 52 58 20 8 70 10 23 79 50 43 49 90 28 94 47 21 53 13 66 53 8 73 33 59 77 51 5 86 78 32 17 96 90 37 70 26 14 94 71 30 2 20 19 30 13 32 52 32 11 84 52 20 56 85 45 33 1 51 85 46 49 1 41 38 5 11 30 19 71 1 15 73 21 0 69 0 32 20 32 44 4 84 64 26 69 8 25 36 25 10 82 74 11 23 79 16 0 
75 1 37 76 83 9 63 83 78 29 15 65 62 25 35 11 55 61 46 29 87 83 55 97 30 95 74 53 39 57 19 14 24 22 56 7 31 86 56 76 14 71 6 42 62 41 20 16 68 66 46 20 14 67 83 45 27 23 64 67 80 50 81 70 72 36 43 70 88 100 11 2 36 17 10 99 24 30 14 58 97 26 79 77 59 27 21 87 50 52 53 96 1 33 32 73 35 75 42 23 
74 19 92 10 36 1 75 60 32 55 85 95 82 29 71 40 56 59 93 73 77 45 68 78 44 66 16 46 41 25 69 81 44 26 91 81 27 31 6 59 87 57 19 68 86 91 74 42 15 33 14 92 78 48 35 89 14 51 34 21 42 69 1 87 95 59 33 21 90 5 47 76 63 66 9 48 22 50 56 37 83 36 95 26 51 29 14 65 47 48 52 89 83 53 75 77 78 74 65 68 
80 11 9 8 77 19 56 66 69 12 2 17 14 64 43 65 59 24 96 5 38 47 61 21 67 1 98 44 76 62 78 21 39 88 29 83 73 85 48 7 63 16 24 44 80 33 8 39 57 4 10 96 51 37 16 84 39 80 28 81 42 5 1 47 59 30 29 31 81 77 38 10 94 62 54 73 96 62 78 18 66 55 13 84 92 29 67 97 9 61 77 17 33 78 64 92 7 94 23 55 
36 61 65 29 90 18 69 51 80 12 69 12 33 83 96 92 78 28 88 87 56 65 70 89 8 0 80 83 94 69 37 96 30 1 25 86 19 60 2 65 72 71 77 5 19 38 97 98 33 50 50 89 14 87 77 23 87 56 5 46 25 8 41 21 9 32 73 95 92 75 59 64 11 2 35 98 40 98 61 73 47 10 61 28 97 37 17 83 60 89 95 51 97 36 38 5 68 10 66 60 
51 24 90 28 26 91 25 33 88 52 5 0 29 33 28 25 70 45 75 96 33 69 12 29 71 50 0 39 26 66 65 43 57 54 72 83 10 63 15 98 15 88 98 44 20 93 35 56 3 76 52 37 11 30 32 48 81 100 87 6 65 17 16 88 37 54 71 47 16 52 10 98 5 75 7 25 67 9 48 70 51 66 73 28 96 5 77 76 4 29 49 35 47 65 23 50 18 60 98 0 
78 7 65 84 48 38 75 14 13 22 51 31 88 23 59 84 95 1 25 65 31 40 67 44 71 90 94 55 15 91 22 59 65 53 8 12 91 84 94 71 72 44 1 26 33 26 76 95 28 0 59 59 7 25 69 78 81 62 33 62 19 55 21 50 7 29 28 64 79 21 0 51 31 68 43 31 95 18 25 22 85 50 47 92 76 82 70 22 43 69 85 62 90 72 78 97 0 6 26 46 
94 27 63 92 95 5 22 89 23 47 77 74 63 90 66 38 71 1 27 81 70 11 8 59 83 87 21 49 93 47 61 52 40 23 43 35 28 65 90 17 78 33 92 41 89 23 45 60 24 72 6 60 49 14 18 98 0 5 47 59 52 74 11 59 98 54 94 92 86 49 76 29 82 67 70 71 90 82 97 80 53 2 39 2 16 23 66 84 28 79 8 46 53 86 4 50 6 98 7 92 
47 83 20 95 15 57 65 4 4 27 84 23 29 89 92 12 11 58 62 39 36 70 86 89 22 90 4 28 54 12 19 67 61 5 61 77 28 93 47 32 19 98 22 15 86 13 94 98 71 55 2 7 91 54 96 12 44 67 40 64 45 25 30 5 98 57 48 92 49 96 91 35 59 12 50 44 25 43 7 97 64 77 3 20 30 65 33 40 31 39 3 76 31 100 48 28 57 96 19 72 
57 9 6 15 21 22 26 13 31 100 9 95 76 79 15 6 43 14 46 41 19 16 83 50 15 30 44 38 26 64 77 83 39 49 65 27 72 91 40 2 90 15 98 66 94 79 72 2 93 84 43 11 100 26 28 82 22 72 86 14 1 62 98 7 11 62 34 83 18 40 51 7 21 48 39 14 93 77 83 85 61 93 63 26 85 91 74 6 28 60 21 30 21 85 37 99 12 37 47 30 
77 99 3 64 12 43 44 5 19 26 56 46 18 18 73 2 75 46 9 3 5 97 33 94 81 36 92 93 73 5 89 15 3 92 79 15 34 22 20 54 48 43 100 33 61 38 1 2 51 77 72 56 73 71 15 53 6 74 11 79 79 100 94 48 92 38 63 92 60 50 11 74 93 78 6 19 15 8 21 66 85 59 89 24 29 70 77 1 9 55 46 88 54 5 35 11 43 65 70 2 
14 81 77 6 24 49 25 40 23 13 72 75 72 26 99 68 97 41 35 5 96 82 60 16 87 61 94 97 25 63 99 5 10 41 11 34 91 3 40 13 16 12 88 54 4 52 88 67 94 90 39 89 37 99 4 23 25 99 19 17 27 85 22 37 25 0 38 82 3 78 62 86 90 49 5 61 68 94 27 61 49 66 49 86 30 20 8 56 18 95 73 11 45 95 15 70 95 53 18 64 
30 80 49 87 95 55 47 62 14 74 22 63 40 72 48 70 92 22 92 76 83 64 53 27 25 68 64 86 20 82 16 51 27 65 3 21 86 50 84 66 90 72 28 96 43 42 66 0 65 23 42 13 54 96 7 79 63 37 30 50 85 46 67 11 78 70 32 29 19 82 96 75 54 23 71 63 32 36 64 97 25 72 76 79 67 83 57 97 86 54 12 70 66 79 81 43 48 80 73 33 
61 34 7 81 57 44 44 89 46 74 51 72 11 94 50 45 42 74 41 28 27 19 98 59 98 79 69 11 24 7 10 51 41 84 32 98 28 42 53 74 82 70 11 93 63 62 37 5 35 44 100 28 63 97 87 26 41 21 3 65 28 80 16 69 30 14 33 58 22 86 98 3 21 9 96 51 37 33 22 72 77 21 66 6 17 18 32 25 40 2 90 68 82 72 37 11 52 36 35 74 
21 100 77 8 75 39 59 11 38 81 49 81 1 14 87 86 99 86 10 38 54 66 73 35 4 76 13 56 11 14 97 99 13 39 6 88 78 66 99 15 12 47 97 14 27 49 100 26 0 76 30 54 41 69 90 11 44 69 68 21 83 30 86 97 69 93 50 47 24 49 28 2 62 91 16 56 40 82 48 40 57 44 95 65 13 50 76 23 85 9 45 67 39 97 29 75 89 80 21 79 
95 15 82 56 73 64 78 12 46 25 18 69 70 79 100 83 95 42 72 79 51 83 46 57 80 75 31 34 20 18 13 14 33 61 37 5 24 14 84 36 40 69 72 9 13 71 58 8 12 96 53 30 79 65 87 58 6 17 92 26 1 71 41 34 31 78 6 22 92 56 58 98 91 96 73 4 33 97 79 11 93 31 41 71 97 94 95 2 77 86 95 78 57 35 79 54 79 85 76 37 
6 34 34 98 96 7 68 28 3 46 40 62 77 47 32 39 41 93 7 17 79 2 96 1 3 74 55 83 24 31 19 30 31 19 94 26 93 61 55 63 73 61 24 50 7 23 55 14 15 63 32 94 31 27 95 34 67 16 83 91 47 68 87 78 88 47 70 80 7 91 42 81 51 67 97 25 56 17 39 71 46 71 31 77 64 92 78 97 7 60 87 54 28 40 31 82 87 68 61 60 
58 3 6 9 36 2 34 92 87 39 28 32 77 59 9 40 51 53 37 58 79 90 12 6 96 9 54 82 77 15 8 35 85 14 10 87 84 10 44 70 49 72 68 25 31 77 32 82 96 35 5 75 24 17 47 87 94 1 68 36 83 42 37 33 57 47 19 6 23 63 76 39 0 43 64 31 87 62 79 48 97 85 22 88 68 70 74 27 37 7 64 86 50 0 18 73 14 37 79 37 
66 20 76 66 29 6 64 82 34 42 30 98 26 18 85 61 54 24 88 91 98 51 76 13 18 60 52 32 97 30 35 28 16 78 61 12 50 24 94 84 32 23 47 59 42 98 86 62 21 73 53 86 24 95 99 8 55 51 6 17 47 41 12 30 85 73 42 0 63 35 51 95 25 98 19 33 96 4 95 83 44 13 68 68 8 33 42 29 84 48 46 97 89 24 26 40 63 34 40 25 
70 91 87 61 55 72 60 50 43 54 32 87 34 0 20 8 100 62 37 49 9 49 45 64 74 38 70 36 72 10 28 7 67 14 34 21 52 94 37 61 14 70 47 48 36 33 56 35 61 93 84 70 7 95 0 81 32 70 84 71 46 11 44 80 92 79 67 43 38 4 71 52 40 17 100 76 17 21 77 78 80 26 14 88 20 81 34 19 50 17 56 63 28 100 8 86 44 75 96 49 
45 66 0 85 49 67 26 66 88 2 10 34 95 24 21 15 4 55 34 20 39 56 49 33 55 57 19 66 99 14 14 9 46 81 61 95 47 87 27 1 56 37 1 50 61 22 31 31 43 65 51 48 20 67 82 42 90 0 74 88 81 54 64 93 34 24 87 48 10 80 15 32 16 16 49 43 4 80 74 47 11 92 62 98 58 43 5 47 9 79 1 56 32 65 48 33 89 0 81 65 
81 96 64 97 78 12 40 82 92 80 95 2 71 56 0 95 99 72 42 74 51 9 29 49 74 77 82 28 78 62 93 24 23 56 20 0 34 26 48 26 73 43 95 43 99 61 38 64 33 46 37 50 55 33 99 95 9 81 22 53 8 14 77 99 37 64 65 71 56 13 63 28 56 24 38 20 85 42 50 84 88 88 33 8 87 32 2 96 79 24 15 53 4 58 51 7 88 16 45 44 
96 7 38 51 98 76 37 49 17 88 32 71 41 32 79 27 30 47 89 8 71 70 27 42 28 79 49 82 61 94 92 56 68 30 73 65 72 76 80 90 63 12 26 70 44 72 97 74 18 52 48 90 21 75 98 15 19 46 98 46 6 89 1 74 18 40 4 57 16 85 46 45 63 38 15 73 9 78 12 28 96 60 84 17 0 47 32 20 93 96 32 99 85 0 38 69 40 9 25 22 
60 37 34 22 76 15 95 51 93 73 45 89 99 95 72 99 41 70 85 34 66 17 99 50 17 37 85 23 12 10 12 72 13 46 94 89 61 54 6 19 26 51 74 24 46 45 89 87 15 40 87 47 57 86 63 40 89 47 29 0 23 41 72 37 87 31 92 13 51 98 33 77 49 6 67 61 18 21 13 100 61 0 46 84 52 8 90 40 55 19 6 45 60 44 82 47 75 73 60 92 
37 59 34 86 32 0 12 50 88 25 15 15 92 61 99 43 35 89 49 56 7 55 0 33 65 82 80 5 21 6 97 58 65 30 9 97 97 21 12 85 12 27 100 71 54 64 13 55 18 29 11 92 84 78 25 15 26 71 20 47 77 17 4 8 13 80 71 10 67 50 61 45 43 26 15 98 90 29 18 75 58 29 66 7 7 91 89 100 62 9 46 4 93 16 79 5 96 16 82 28 
66 42 73 8 34 89 72 91 17 91 65 41 86 30 14 59 21 3 58 83 79 70 53 71 86 32 42 47 48 24 75 80 32 48 88 67 36 26 57 19 83 21 26 68 51 40 94 38 9 51 87 88 21 40 24 73 38 67 20 86 57 95 65 55 42 18 21 44 10 44 63 93 31 89 27 49 96 20 87 71 37 40 59 24 80 49 98 17 82 17 69 38 78 100 94 87 17 81 30 95 
25 94 87 22 48 13 71 9 100 24 81 37 64 5 61 9 54 58 26 36 41 61 74 19 60 33 5 43 14 1 37 5 61 91 27 9 70 65 85 70 89 65 6 52 70 33 61 91 58 53 26 99 80 66 84 5 100 55 14 80 57 18 51 84 8 78 93 78 8 44 13 97 8 86 14 45 19 41 35 77 60 27 41 39 93 92 10 58 46 25 3 69 43 54 53 17 32 11 61 40 
55 75 3 30 60 84 75 45 25 9 88 51 36 29 57 95 20 67 53 32 58 56 68 67 10 20 84 8 31 45 14 53 86 84 83 11 68 57 57 59 32 10 76 34 5 32 28 92 66 47 24 23 70 92 91 46 78 40 20 75 51 0 27 36 85 76 14 18 32 37 77 30 47 52 64 53 51 59 44 16 72 34 5 41 25 62 53 69 2 73 44 53 74 71 56 24 47 70 42 45 
6 18 42 53 36 5 72 87 30 16 69 2 50 75 9 42 36 63 10 4 1 54 58 75 92 13 99 4 83 6 15 89 91 57 7 27 29 80 80 59 62 15 27 78 90 37 19 92 100 97 97 0 16 20 42 7 33 6 78 82 80 60 36 70 16 43 97 11 89 43 71 16 58 98 95 13 0 13 71 66 76 33 33 93 53 75 66 86 47 44 33 26 3 69 97 86 79 59 98 67 
68 34 84 25 98 44 4 99 23 76 64 100 8 97 92 28 37 57 13 51 67 13 43 70 82 39 22 60 65 19 94 32 19 43 24 16 87 28 81 9 70 45 8 79 7 100 6 11 57 86 28 90 65 71 60 47 10 48 6 41 67 66 73 52 8 97 68 95 92 49 4 61 60 12 5 33 79 78 10 1 30 38 91 95 9 16 41 86 64 14 26 97 80 99 48 89 62 16 83 53 
31 53 80 57 32 86 90 10 63 67 11 59 4 68 54 13 85 95 99 48 75 24 45 55 90 59 9 17 41 58 36 72 11 15 95 43 67 51 19 97 17 97 55 21 64 8 1 48 70 100 63 44 91 74 65 46 32 40 63 74 99 99 11 76 13 6 85 47 57 3 43 74 100 98 61 63 73 62 78 8 28 40 52 18 13 84 64 45 23 93 85 88 91 97 63 70 2 47 16 25 
50 59 99 15 23 25 45 62 88 22 70 15 62 88 100 41 71 29 52 61 21 37 48 11 33 78 47 1 24 64 26 41 89 91 22 11 15 67 73 69 89 8 84 16 97 49 23 67 78 76 94 65 79 42 76 11 86 90 79 76 53 71 16 7 61 39 86 42 5 24 11 61 33 61 43 29 77 67 96 54 8 56 19 87 64 61 64 49 50 42 24 69 12 41 77 39 46 62 81 17 
86 58 44 18 86 88 47 62 20 9 82 28 65 67 14 28 28 44 43 44 86 67 80 64 74 22 2 86 84 49 3 35 74 13 20 59 0 33 20 87 8 68 14 73 35 95 67 29 38 9 39 90 43 18 53 16 40 21 2 90 37 72 92 77 85 11 1 52 44 88 4 53 55 86 92 90 46 25 18 85 0 58 40 43 42 60 26 49 47 28 38 50 66 96 26 16 6 27 34 17 
14 39 36 70 24 94 25 70 18 44 20 86 68 27 28 9 87 54 58 33 48 63 50 80 58 76 63 65 70 97 48 50 1 50 19 92 43 11 62 28 55 48 13 22 75 7 98 27 28 56 27 42 85 77 22 42 52 85 73 88 47 87 38 49 36 23 40 46 34 68 40 89 83 19 77 23 26 41 51 20 63 78 63 47 54 51 55 72 1 28 60 48 14 64 63 17 87 3 63 21 
37 2 76 19 21 19 43 13 60 94 34 89 37 97 35 91 13 90 28 14 84 54 28 65 17 92 82 4 61 44 25 98 12 67 84 100 86 26 12 11 86 12 100 89 75 0 45 88 57 73 1 40 27 97 4 10 88 52 14 14 96 5 78 74 73 61 73 24 53 52 2 4 64 1 93 39 69 37 93 25 77 61 31 3 57 36 13 10 88 95 24 50 66 1 90 38 29 29 29 48 
47 31 53 10 99 45 15 33 49 8 58 25 35 56 95 92 92 74 68 45 68 92 61 34 59 17 38 54 46 33 2 93 30 55 69 96 66 51 28 14 25 53 39 60 8 33 51 66 7 18 77 41 76 38 75 0 21 80 55 67 79 23 25 9 78 94 4 9 44 99 24 69 51 29 28 25 63 45 91 36 29 34 77 71 38 18 72 59 64 93 25 42 15 50 51 59 9 21 68 54 
20 58 89 71 88 84 63 50 95 19 52 24 53 28 95 91 12 32 15 76 24 6 18 5 56 69 30 32 91 99 52 77 22 40 13 9 90 76 25 85 96 77 8 14 72 69 72 84 1 87 60 92 94 44 98 15 12 27 47 69 92 65 11 81 5 25 90 61 0 82 45 62 24 19 77 96 89 48 80 56 0 5 47 60 49 10 76 27 4 89 63 62 54 74 42 25 99 99 86 66 
80 98 27 3 16 70 100 4 84 45 60 85 16 7 44 65 84 86 58 88 41 20 50 61 61 58 52 59 56 3 91 35 0 18 5 17 54 4 21 38 15 48 89 31 21 99 62 4 85 86 59 92 73 8 18 33 66 70 58 22 73 49 23 40 33 28 57 87 99 44 24 80 92 79 77 79 78 38 84 62 91 42 19 63 16 37 62 48 73 19 36 11 34 60 51 67 54 74 20 19 
18 10 99 76 90 76 55 67 80 4 95 70 12 13 32 95 16 94 42 89 80 79 66 13 4 17 47 24 91 67 43 75 43 42 17 32 17 38 65 97 8 59 33 20 38 31 81 54 25 22 8 71 67 75 84 37 58 97 62 14 29 71 56 73 12 73 71 96 10 36 59 85 95 92 71 33 22 51 53 13 39 28 50 73 69 0 9 26 97 37 6 26 8 62 65 87 0 35 49 77 
71 7 61 32 65 31 31 53 48 50 33 88 78 83 60 46 83 35 38 80 39 45 72 13 73 2 100 74 37 14 50 75 21 78 6 52 8 3 5 57 53 38 10 98 87 70 9 70 71 48 15 9 59 53 89 98 55 55 71 58 69 88 32 57 65 4 8 73 7 13 96 27 17 5 24 4 41 100 40 12 47 21 88 72 40 77 70 95 98 6 52 66 94 51 22 58 55 98 98 29 
10 59 22 95 65 46 65 72 45 71 84 59 92 38 97 31 81 66 92 78 39 9 9 32 60 32 57 15 29 20 10 5 79 32 66 9 44 30 82 55 0 31 80 58 69 77 55 15 8 46 93 47 56 69 80 82 67 2 63 62 22 73 67 67 4 100 43 14 96 24 70 63 21 49 20 57 25 42 72 0 54 31 47 76 100 93 58 66 95 20 27 83 94 60 16 64 59 59 79 55 
49 14 17 70 63 3 26 55 45 65 55 100 96 1 75 95 95 99 26 55 19 53 38 79 12 54 42 38 79 87 93 27 0 76 63 30 79 56 51 24 20 5 90 15 73 30 76 33 29 1 89 48 20 93 93 32 12 0 36 57 88 28 84 54 70 46 84 49 68 34 39 88 5 28 2 45 24 44 78 53 45 32 67 31 91 59 64 69 26 100 25 13 95 75 33 64 88 84 79 55 
84 17 43 90 11 11 0 36 22 44 55 67 43 89 65 33 13 28 69 39 94 94 18 54 35 52 85 22 35 63 77 18 47 86 74 58 64 40 60 86 85 82 18 27 70 83 26 49 10 95 89 71 55 6 91 56 24 75 78 59 38 20 44 51 6 84 8 70 24 35 55 8 83 73 1 18 56 27 67 32 89 21 69 9 28 60 65 52 34 8 78 38 28 88 89 0 71 64 36 95 
65 57 69 13 97 36 31 18 30 64 16 85 86 86 94 13 11 24 31 11 99 75 50 93 62 4 60 33 34 96 94 65 19 29 78 15 65 8 33 95 73 15 45 58 0 4 37 78 28 34 90 93 9 5 86 71 76 11 3 10 6 64 75 92 93 53 6 23 27 5 85 66 21 29 23 88 34 26 32 28 61 21 21 70 26 73 6 1 84 77 78 56 40 19 48 99 38 20 21 65 
93 5 31 80 35 20 33 69 47 65 97 74 86 84 9 78 22 15 46 5 92 90 28 98 8 42 96 46 28 17 11 20 89 8 66 23 28 100 58 41 30 21 14 83 4 90 26 94 5 72 99 63 28 93 61 36 34 22 49 63 5 26 49 95 34 15 84 28 81 8 70 10 29 50 59 100 40 86 93 11 57 58 74 51 50 0 88 51 90 2 80 95 28 95 55 62 76 39 56 56 
13 25 33 42 42 92 7 82 77 0 93 0 24 32 51 40 100 4 57 89 6 36 49 34 31 4 62 6 9 85 29 22 76 62 30 17 19 37 65 97 3 23 63 27 22 80 34 21 85 91 76 57 94 24 58 24 28 86 97 37 70 25 25 46 53 55 29 73 93 95 35 62 17 64 90 39 43 90 26 94 80 1 51 73 26 8 63 20 94 60 24 30 51 49 76 71 4 4 9 63 
65 10 24 49 74 80 54 16 69 81 10 49 48 61 88 74 35 51 95 95 77 18 24 94 33 66 64 37 37 39 66 1 49 91 50 22 70 71 5 5 51 15 54 99 42 7 39 43 24 33 37 67 17 28 61 50 94 91 54 97 30 19 99 45 76 14 68 46 85 39 51 1 20 71 0 28 44 5 71 69 4 74 35 21 68 62 37 28 19 57 24 49 77 22 60 52 3 94 64 88 
32 81 90 52 51 56 46 62 61 83 30 65 57 31 52 91 60 55 18 79 12 43 94 55 65 53 73 34 47 3 22 45 84 78 64 1 100 9 63 26 93 59 91 15 56 8 5 15 29 24 94 7 67 87 62 98 40 1 32 53 4 20 98 54 98 61 55 63 71 84 89 29 8 45 44 65 53 49 80 48 39 40 56 5 26 84 70 32 85 68 51 55 88 15 76 51 76 30 80 12 
81 68 7 89 12 51 53 31 67 100 79 5 39 0 78 31 85 13 30 35 81 47 57 34 62 32 51 4 28 30 16 8 98 91 64 76 41 83 6 7 82 85 13 87 52 57 85 36 70 81 37 50 27 94 50 90 25 0 94 20 97 76 28 60 66 92 35 74 41 41 47 22 92 26 76 43 83 26 45 52 6 83 68 100 42 17 89 34 84 48 54 46 91 48 5 22 6 40 62 47 
81 9 69 39 35 10 82 18 36 94 36 8 76 4 8 84 88 63 17 72 78 71 17 68 19 90 56 92 29 18 38 77 27 73 15 62 84 63 46 86 56 83 95 98 87 69 82 74 31 99 11 8 36 96 42 21 85 65 12 80 83 50 56 76 22 71 37 72 34 84 58 56 66 18 54 18 87 35 58 17 100 36 93 35 31 0 56 82 65 68 61 47 84 84 22 6 20 26 78 20 
76 1 77 7 19 30 92 72 31 49 56 30 85 14 66 82 14 88 29 80 22 91 93 5 40 82 78 60 7 22 81 49 23 57 22 9 53 13 47 84 28 2 80 13 16 11 61 31 100 91 77 88 47 69 93 87 50 71 46 23 93 26 38 82 49 60 57 1 73 4 51 1 73 98 81 56 8 41 53 74 31 29 61 78 98 20 30 14 57 77 37 15 69 42 97 85 1 20 86 41 
24 3 8 63 0 55 18 75 96 71 49 94 66 76 37 30 96 68 44 52 10 47 67 79 89 30 63 57 50 15 98 40 85 72 2 85 26 21 25 88 58 74 81 24 50 18 54 45 52 98 64 62 10 30 6 66 60 36 22 76 17 86 15 1 57 18 52 83 5 77 70 63 51 17 87 67 1 6 78 19 3 41 81 81 72 53 46 98 89 68 74 5 53 55 73 76 73 24 58 78 
68 94 7 85 77 60 51 78 67 28 97 36 36 43 16 7 97 62 71 51 96 10 23 14 66 62 90 4 53 13 49 20 74 56 71 50 15 21 95 82 15 57 18 51 0 0 24 63 63 62 80 24 72 69 5 3 31 95 8 84 75 57 70 48 79 40 98 94 27 92 42 42 49 60 60 15 60 50 44 89 78 23 80 16 59 85 19 90 45 94 39 19 16 8 33 95 14 31 89 41 
89 97 49 3 56 75 85 82 25 28 37 2 18 16 18 77 67 4 66 78 98 71 64 14 79 97 8 93 27 63 33 83 59 48 52 81 23 37 29 14 65 66 16 49 48 1 25 81 72 57 58 69 27 21 49 5 18 24 64 11 53 63 60 79 11 12 59 34 49 54 48 80 86 30 29 100 98 20 80 69 78 38 4 4 25 19 77 9 43 6 21 97 70 47 75 47 59 100 47 74 
20 61 54 5 57 49 5 55 69 85 90 12 89 94 84 81 13 26 90 22 32 77 18 68 24 59 81 49 25 27 23 45 88 43 16 45 58 21 66 93 73 55 72 27 15 55 7 95 47 64 16 45 40 1 80 30 26 60 80 17 88 69 62 41 78 79 52 1 66 84 60 38 5 31 66 20 52 39 81 99 2 63 44 9 30 23 39 23 83 85 40 36 19 69 44 63 47 62 64 79 
46 24 84 51 55 15 37 7 54 84 72 57 46 15 66 43 4 71 66 54 56 5 56 41 74 100 4 87 28 68 32 74 58 15 91 80 30 94 53 84 77 24 6 89 6 38 31 10 9 63 64 31 69 87 72 8 86 76 62 13 10 94 53 68 8 9 47 38 2 100 88 45 91 61 34 97 99 31 6 74 95 37 4 29 90 43 3 75 18 65 55 95 58 74 63 32 50 76 36 52 
42 24 64 32 51 64 28 49 61 0 90 21 3 94 50 93 36 54 34 21 85 55 15 43 28 44 41 78 20 78 97 62 68 26 94 18 90 88 33 50 88 22 72 58 16 88 50 18 7 84 5 93 38 88 1 33 31 42 77 17 19 39 79 87 31 38 4 20 92 4 37 46 26 75 3 8 28 53 27 36 3 99 95 7 86 96 40 84 37 84 0 57 89 46 9 20 50 81 6 42 
85 43 88 10 84 91 19 12 9 12 14 12 77 8 87 63 3 93 12 6 76 12 63 31 24 39 51 75 19 57 83 3 67 36 80 50 93 99 28 1 77 8 81 54 16 67 83 86 25 95 93 1 73 21 32 98 60 49 38 45 5 20 48 72 56 95 89 14 93 83 15 36 92 62 90 74 95 72 60 20 32 18 88 4 39 86 1 66 34 5 10 39 25 25 78 47 19 66 61 78 
14 43 13 5 71 2 80 32 40 39 18 38 57 5 43 62 91 10 27 24 16 38 29 7 63 6 21 82 38 48 25 53 57 39 24 28 7 3 26 14 8 44 52 31 49 95 94 5 72 87 96 54 24 91 61 53 64 82 0 1 97 26 20 53 65 45 81 38 14 6 52 23 50 4 20 65 65 13 36 2 0 31 56 91 22 84 44 86 31 10 53 27 36 40 81 67 51 61 72 65 
34 23 54 50 94 75 82 25 54 17 94 54 15 50 11 3 33 21 55 64 31 74 92 34 13 72 67 64 99 38 96 99 28 15 49 88 90 97 12 44 80 6 64 95 22 41 98 21 62 18 85 60 93 42 94 5 80 26 36 79 31 98 43 59 12 58 46 69 54 25 12 34 98 42 28 86 84 93 6 11 77 91 71 69 100 30 41 79 57 43 23 88 40 67 12 18 24 24 87 79 
49 65 79 12 7 73 98 57 65 3 68 42 61 5 77 26 35 17 4 58 60 28 45 66 95 23 85 85 48 71 63 63 36 41 42 9 14 39 32 45 9 100 53 36 71 97 62 6 13 32 64 40 60 76 72 20 99 56 5 12 27 34 76 29 42 17 4 22 22 36 33 98 1 53 100 73 49 27 79 28 60 8 34 19 84 6 6 49 62 11 27 55 11 2 50 19 86 54 41 75 
90 75 38 58 94 38 30 42 65 75 70 24 83 4 10 33 77 16 48 38 94 75 60 4 44 9 24 29 64 31 70 19 72 8 77 65 46 73 6 77 47 43 1 97 13 11 96 90 94 43 94 87 84 53 57 27 63 47 23 93 79 59 11 50 67 55 82 79 27 54 56 41 97 23 3 76 0 99 31 94 7 92 46 57 44 2 51 73 50 74 65 95 32 43 10 66 64 92 44 57 
-1 -1
