25
50 240 8
34 37 2777
16 44 8335
37 43 6649
22 13 27
41 10 7763
27 41 3426
23 37 5211
19 18 6429
33 31 2862
24 18 3135
30 3 4022
9 20 8167
44 7 5011
43 30 7373
22 20 3784
38 49 4324
16 21 6413
27 42 8980
7 24 6862
21 47 7281
6 26 7084
28 37 6505
47 30 1313
8 25 3895
33 46 8814
18 35 364
44 1 1087
9 27 7178
39 35 5403
2 5 2399
33 11 9676
19 40 12
27 37 8094
40 46 570
35 29 7467
2 48 2902
18 43 6652
7 2 280
37 42 3865
40 45 6619
41 30 8031
18 48 5771
32 26 709
28 18 7856
48 4 4586
16 7 4683
20 25 1528
22 33 8829
4 20 8270
19 9 6715
41 50 7796
24 19 2245
47 2 2921
6 30 7488
15 29 9841
1 35 7764
25 15 6987
42 28 8365
10 37 1432
2 38 9228
26 8 1474
22 9 4395
30 38 8235
44 19 4428
44 12 5928
30 27 2404
44 14 4613
39 7 6840
5 19 5128
39 20 7917
18 47 3324
44 21 2183
23 26 5644
41 6 8139
5 37 7669
33 43 8464
48 8 9355
5 49 8611
23 29 9299
44 47 5568
41 23 3311
11 6 1801
12 31 4878
6 21 8736
45 27 8522
16 9 3416
33 9 2924
38 13 5624
1 37 3452
50 30 5550
19 22 973
32 32 4930
34 45 8660
14 50 7981
50 47 2959
24 14 9668
41 46 2926
17 35 1340
41 35 3376
8 46 9756
30 19 6887
13 49 2172
10 10 2336
11 43 7587
14 23 5321
6 20 4599
22 5 5939
12 41 5667
6 29 1127
9 21 9224
23 20 1396
32 31 84
43 23 7672
1 26 5385
23 50 6640
43 49 713
49 41 524
32 20 9336
33 6 5994
5 30 4769
24 27 8850
35 44 3205
22 18 2504
14 12 2754
27 10 8944
3 3 3506
35 22 2842
19 29 5189
23 9 9958
49 37 8808
4 49 3303
34 34 1648
41 5 7567
47 19 9529
1 47 3788
48 50 6990
4 34 5363
26 3 3996
26 39 9157
30 37 2460
15 22 460
5 29 8027
1 49 7556
3 45 7697
50 44 1039
3 29 6403
1 32 7647
39 10 5151
36 35 4339
43 16 6127
50 15 8285
30 44 6335
28 1 5238
22 50 289
18 39 2292
46 44 3144
33 41 3541
20 27 4232
12 43 360
12 32 6309
41 26 8996
27 25 6057
15 19 8205
9 13 7386
17 3 5578
41 48 6970
2 31 9631
44 8 8627
13 37 9214
6 13 90
13 30 9610
20 40 2274
6 42 6620
34 38 7888
39 17 7770
35 7 417
7 11 5849
38 6 3059
46 34 6873
9 24 7637
40 34 6607
29 8 9314
22 30 1100
10 19 9438
25 34 8157
32 44 358
21 50 3417
45 24 9847
32 13 6682
41 43 5791
8 16 1521
42 48 2951
32 22 537
31 49 5325
32 17 3516
3 32 6139
47 5 2338
31 19 9021
21 13 4812
30 28 2685
27 34 9207
10 8 9744
50 12 127
11 19 5105
45 12 1805
35 42 7375
6 15 3589
19 6 6882
23 33 6717
31 44 1574
27 44 1486
4 44 3074
15 14 8179
28 13 5775
45 18 346
36 38 5691
24 29 925
42 11 4018
18 37 6963
9 31 4904
22 12 9633
36 40 3073
6 1 7868
4 36 9006
18 27 6763
28 47 3981
16 11 9036
19 12 6342
33 47 2379
22 21 4984
23 28 4234
41 34 72
14 48 6950
31 24 3714
10 23 4047
25 33 9435
33 5 2954
44 49 5486
41 29 9159
13 13 9683
42 9848 1723 25 23 23 5 36 22 8 16 48 22 27 20 19 2 4 4 34 8 10 29 7 48 21 35 9 35
49 6376 991 49 16 3 22 40 10 7 11 17 25 10 40 1 29 10 4 32 15 39 40 27 18 48 24 38 32 33 23 32 26 1 30 41 5 1 32 14 8 45 32 32 4 21 34 33 32 38 16 47 26
5 8722 6892 2 48 33
35 8506 3181 16 8 9 46 50 13 48 34 27 5 28 10 38 33 33 22 17
14 8860 3682 12 36 37 36 31 41 34 15 27 17 21 43 26
29 8839 7525 41 37 11 19 44 38 29 33 22 11 6 39 26 16 21 38 4 9 23 34 1 8 48 28 27 20 22 2 50 11 29 40 49 39 11 44 28 41 27 50 3 32
38 8777 99 8 17 3 18 42 36 19 49 35
46 6776 5805 17 29 5 29 9 44 29 48 6 23 25 46 1 26 48 34 13 28
50 240 8
33 22 4693
35 40 7334
22 10 4985
8 5 1761
13 23 1541
17 3 1850
13 33 399
18 5 1173
16 7 9851
15 41 8263
42 23 37
38 10 8828
22 31 6987
7 41 8341
21 3 7665
12 20 9517
12 34 1351
13 1 6506
39 18 9364
40 33 4154
5 26 3679
42 13 2538
20 37 6170
7 45 2760
50 15 4465
15 27 3886
34 40 6969
36 3 2621
44 41 7289
10 32 4673
15 36 4548
46 28 4313
34 49 4949
6 6 7793
19 7 960
34 24 3286
22 9 5677
41 46 2181
12 41 323
1 1 9954
26 15 2042
25 10 3919
40 45 3469
39 2 4976
34 20 3133
44 5 1956
32 26 3666
12 18 6912
43 30 902
19 32 5002
25 8 9718
17 34 2377
38 23 4573
8 13 6125
34 48 2496
19 42 8153
27 25 6980
44 36 5948
6 31 4029
10 49 2160
13 25 7719
31 42 8902
11 31 2726
41 9 2723
39 8 2493
32 11 4220
6 41 9613
42 39 8270
22 18 7829
44 46 3899
25 39 9154
33 20 5710
24 31 8433
14 38 7279
45 50 1499
2 40 7464
43 31 2086
16 50 9915
37 32 5011
35 34 4387
24 44 1519
43 5 244
25 40 6259
14 19 6353
13 20 8705
5 34 6799
35 20 4315
36 38 853
20 1 6487
3 38 5562
40 11 5205
11 5 6911
8 30 3403
17 43 821
23 6 2443
30 12 1528
29 48 2700
46 33 3787
50 2 2589
37 4 9426
49 45 3036
7 8 6092
18 15 5921
21 31 4166
45 5 4123
38 34 9484
18 13 3931
18 10 5165
7 9 7069
46 46 7422
22 46 8569
10 2 5676
3 22 5340
26 44 172
42 40 6527
17 29 5812
1 47 2124
34 14 5186
50 21 6794
19 16 6141
43 40 2437
14 49 3590
40 3 6513
32 29 8257
5 22 2346
34 39 1225
22 23 7226
35 9 5725
7 3 7645
23 47 3339
4 12 5825
45 47 7330
18 45 2013
8 20 8860
1 43 7832
27 30 1990
4 36 9295
49 8 2741
38 21 4976
41 35 801
34 1 9492
10 47 6440
40 14 5735
5 24 2606
15 24 2251
31 40 6704
16 37 8302
26 30 9591
48 8 8484
32 12 4919
32 4 528
28 45 9819
44 32 1123
19 38 7639
44 39 1988
45 21 4680
49 37 3018
3 14 4098
46 11 6505
17 49 4425
23 29 2853
17 48 6748
48 23 516
37 13 5159
28 1 2553
48 33 3003
36 2 8107
49 50 9154
12 7 2334
4 26 6784
16 11 381
48 1 5097
9 30 3349
14 30 2634
17 15 8585
26 16 4986
31 27 7892
17 30 9569
3 10 6366
16 46 2833
29 27 3847
14 27 2300
1 9 3397
17 26 1982
45 41 3320
27 19 7565
35 47 6908
4 13 4303
37 43 8432
35 8 9810
47 16 7984
47 25 1382
16 2 9716
12 44 3037
38 12 602
39 30 8620
42 44 2924
29 36 7708
13 43 3870
47 14 7466
12 1 2515
38 35 3332
41 1 8693
31 45 2293
14 5 6382
45 26 323
2 24 4811
32 14 9683
50 28 4535
15 15 769
47 8 3072
42 41 8411
24 38 7057
37 44 3439
32 21 114
22 22 3418
34 15 3567
18 25 335
34 41 7457
33 50 529
24 41 5292
48 30 2349
36 23 2140
19 44 2255
40 17 2025
11 3 5220
41 22 4826
48 6 7127
29 29 5169
21 28 2798
21 14 9221
11 34 8616
18 24 5382
43 12 7035
4 14 8608
13 19 9895
49 11 4968
27 10 2173
4 38 1254
24 8 8481
24 4396 1929 45 43 31 13 10 6 48 5 17 35 10 32 43 24 2 39 22 14 9 50 23 35 6 12 41 31 22 24 4 1 21 1 43 3 13 5 8 10 9 26 45 18 9 37 41 11
27 2973 614 38 16 49 22 21 10 14 1 33 37 5 34 9 7 28 11 19 32 20 29 42 47 25 9 6 11 2 16 40 18 41 27 33 39 50 6 1 13 8
33 3461 2348 18 8 20 48 20 39 29 40 19 21 36 43 31 43 5 34 8 44 1
1 3021 1485 39 21 41 41 35 48 26 34 12 45 43 31 42 14 21 21 5 39 43 43 31 23 35 36 9 45 31 9 45 3 46 35 23 38 26 8 36 3 43 49
47 8986 1530 41 50 2 13 7 40 5 49 23 29 33 8 39 27 38 48 21 40 45 6 15 33 33 24 20 37 16 18 35 4 50 25 5 1 37 11 43 43 9 15 24 42
22 7569 2111 11 11 41 3 6 48 17 40 32 40 9 18
7 9901 5375 12 25 29 16 28 17 27 20 12 35 34 37 28
50 7697 3316 11 40 21 18 37 37 9 18 28 17 37 36
50 240 8
44 38 4946
20 18 212
47 35 9540
18 46 8674
1 32 8802
9 31 2851
26 43 9690
48 12 2676
35 20 4795
14 36 4931
2 31 1320
48 1 6688
12 47 6974
2 15 3069
29 17 52
33 26 3682
34 3 9277
24 50 6790
2 36 960
47 50 8447
30 3 4628
50 50 528
40 14 9876
14 17 3990
35 45 4759
37 27 6384
22 10 1238
1 35 539
41 36 7775
27 1 2362
29 29 6264
30 9 6853
20 12 6977
6 8 1736
43 35 4472
16 46 5710
16 33 6249
8 18 376
9 2 2302
11 14 2082
39 28 2014
47 34 958
31 5 3669
8 10 9927
46 2 8313
18 19 260
30 36 6892
32 44 4712
8 4 2313
13 14 8628
47 2 4856
11 50 641
20 32 7195
41 40 7854
20 37 6008
33 5 8726
46 34 1414
38 15 857
2 25 210
15 39 4723
44 35 626
26 45 7366
7 40 456
48 46 9826
35 4 3860
41 33 8155
24 49 5695
41 6 7946
17 18 8863
5 41 8408
41 19 9161
36 44 555
2 2 9144
11 2 8291
39 36 3447
49 26 3681
7 1 5329
2 43 7834
15 44 7572
6 12 6733
43 7 3640
47 10 9136
9 11 7428
47 48 875
45 25 4556
1 26 9885
4 20 4071
6 31 7324
20 47 4367
45 4 8530
30 47 1786
21 45 7645
9 3 7508
37 49 7805
14 45 9730
22 48 207
9 1 878
30 8 4758
4 30 6007
23 26 9210
3 5 2308
41 27 7902
37 36 8106
47 24 5804
2 38 9501
34 11 448
43 20 1000
22 1 5108
32 7 8287
39 29 4462
2 34 6718
10 24 2345
15 12 3182
23 8 6657
30 12 7294
31 45 5057
29 38 7126
29 11 6628
37 42 8184
16 40 9833
49 9 3444
24 6 1310
36 40 7283
45 47 5412
6 44 3042
1 1 1120
40 29 6550
50 7 737
43 42 5914
25 9 5554
10 9 8264
5 32 3319
17 19 4260
50 14 5506
14 19 399
6 21 6701
28 12 129
29 13 186
18 6 4779
34 30 4589
38 40 5247
4 46 880
25 12 9999
35 12 1114
44 27 8784
43 33 5107
19 26 3441
32 14 2210
37 45 6894
18 36 3483
9 33 8337
4 16 9213
18 15 7998
31 31 8641
7 15 6035
39 24 131
3 43 709
46 26 7824
7 14 6071
3 31 8906
36 42 6989
7 39 161
21 39 5841
49 19 3766
39 43 250
10 39 4461
36 47 8924
7 49 9356
48 5 9962
45 11 4702
8 33 7440
2 37 5171
50 5 5289
40 47 5539
35 33 2850
23 44 7986
19 20 9192
19 27 5657
4 26 5463
16 20 3925
20 28 2709
10 31 4595
33 32 7500
23 21 4446
30 15 6228
25 1 6448
45 45 6618
23 5 4872
48 18 9439
20 44 8709
49 5 1770
29 1 6355
10 1 6229
32 49 1642
7 19 3954
9 20 1698
4 38 2470
8 12 5469
27 4 1440
22 15 1288
17 27 7541
28 29 122
10 27 1765
24 18 9358
33 39 7408
38 27 6230
45 40 8051
23 43 9492
45 7 780
50 49 6386
29 27 6509
38 3 4626
39 9 2649
9 19 3181
47 29 720
15 15 62
5 36 2315
35 8 1160
36 8 7546
15 34 4055
34 43 3348
34 1 5368
17 47 1149
38 22 3159
22 43 1043
26 28 9710
13 37 870
48 44 8417
12 29 8824
17 44 259
37 10 4057
31 46 3702
47 14 492
25 24 6306
4 7 3163
18 35 8339
35 3 8549
44 19 6442
5 6 7904
14 43 7302
45 2187 1004 12 7 2 27 49 28 1 5 40 47 10 46 12
27 4680 1002 13 33 3 8 4 47 12 11 1 28 3 4 22 41
8 2584 1048 11 12 49 38 14 5 28 12 14 25 25 43
5 2326 1254 40 29 15 43 26 28 3 28 5 5 31 26 47 41 11 45 1 24 43 41 39 47 20 50 13 44 26 5 49 2 11 38 33 25 30 10 3 34 37 7 38
18 7534 6636 10 47 31 10 20 26 2 8 24 21 9
36 5483 3764 40 15 37 3 4 19 27 33 28 31 18 17 38 5 34 22 43 45 18 26 6 39 1 8 48 24 28 8 10 44 43 1 8 29 3 11 48 32 45 27 12
12 6898 4492 19 28 22 11 22 41 38 30 31 38 37 30 14 14 37 25 10 29 25 17
10 5229 5027 9 11 22 35 24 36 30 25 4 9
50 240 8
46 16 782
39 4 2661
19 43 5247
1 6 8962
37 32 7571
18 9 2638
27 38 4017
35 50 7140
21 23 3327
2 47 1882
11 45 5098
43 33 7953
4 3 3847
3 5 8355
15 42 9986
39 11 2944
29 39 7483
46 23 6034
38 45 5107
16 47 655
48 7 1149
48 1 6083
39 1 1055
43 6 9021
36 42 911
46 39 5439
34 24 336
8 9 8726
3 16 4091
1 21 7690
9 23 6388
41 12 8295
41 19 540
48 42 3375
42 4 7223
30 45 1558
3 34 9316
11 10 8970
28 1 9972
1 41 3580
25 31 4538
32 22 3899
30 14 7019
20 12 5512
47 5 4917
20 34 9762
29 38 1295
47 1 1554
17 30 2256
39 30 4296
19 6 5429
9 38 9600
8 19 2715
29 41 835
33 9 5805
18 23 8685
8 20 881
8 24 8399
37 30 5889
19 28 607
24 7 6215
13 9 2074
31 27 1304
20 7 6046
6 40 5706
29 48 9765
48 31 8472
23 30 7661
4 19 6131
34 28 6656
42 45 2069
3 21 2551
29 27 6123
35 23 530
26 30 7094
35 10 5991
50 10 8473
25 32 3002
36 38 9772
17 21 3501
25 12 3445
44 16 8167
48 44 4193
23 31 2617
5 8 396
49 42 6008
40 44 3817
13 18 5150
17 5 887
41 23 5259
42 47 5223
39 43 38
33 1 263
15 18 9467
22 17 5765
16 25 4406
9 42 1520
26 42 7988
30 32 4228
2 41 3969
48 14 9859
42 3 3916
33 37 2166
46 1 9385
15 24 7001
28 38 7396
24 13 845
5 44 1425
8 36 1746
6 50 1605
49 4 1873
32 40 4039
27 42 9777
6 9 7360
2 27 6569
28 41 7415
32 34 5192
40 20 6939
47 21 4896
45 24 6770
26 15 7161
5 6 6938
46 22 69
20 27 177
30 31 1055
50 8 5296
17 39 9081
9 30 7502
50 26 7224
47 23 2247
17 48 3661
28 2 1018
17 49 6440
38 19 1616
17 50 296
22 49 1905
20 17 2196
26 6 4026
4 31 172
39 23 1443
19 27 2461
37 27 8901
21 40 696
19 13 6396
25 33 4863
21 36 7640
48 43 8018
1 23 4543
26 5 3983
2 29 908
38 5 6162
13 2 3032
2 48 2902
17 44 8326
1 9 2298
38 1 498
30 20 3398
5 13 4576
9 48 7878
9 14 736
15 28 6151
16 10 7854
15 13 3220
11 41 1270
19 42 107
22 40 1689
41 40 2493
5 18 6653
9 3 1455
24 42 6572
2 43 7339
13 47 4454
40 35 2710
34 4 512
39 8 1211
47 12 9019
22 3 5591
25 47 2930
38 44 3736
16 13 752
35 4 4289
47 48 1694
47 43 5829
50 7 6617
16 23 6386
38 25 1977
12 22 4908
1 17 4996
17 31 5749
1 36 38
48 41 2334
47 37 9430
41 17 4982
47 36 3492
15 2 3814
3 41 8241
15 41 8254
31 37 4672
13 38 6072
48 26 4221
40 11 7620
27 43 310
43 25 5509
26 31 6083
28 21 4324
10 25 3188
50 31 5170
39 3 5932
26 27 982
2 49 371
14 21 2147
8 33 8491
35 42 6021
4 17 7753
39 47 6826
14 6 1652
4 8 4732
27 46 8836
9 21 9012
43 24 9762
15 39 8132
14 49 3165
9 29 437
26 24 3259
36 46 2472
33 32 4082
6 47 6675
18 11 3761
2 21 2441
39 48 8875
37 7 2101
49 3 938
46 25 5323
30 7 8228
26 32 1008
36 23 6679
31 28 9346
41 41 947
14 33 9337
11 8 5751
34 7507 1493 37 44 10 27 40 36 50 19 42 28 46 24 39 31 48 18 14 25 17 6 16 16 19 50 4 30 7 7 15 2 16 1 48 27 27 39 12 27
9 3855 3202 4 28 44 36 26
12 7998 5601 28 7 19 43 25 18 48 4 24 4 18 28 19 20 27 45 47 15 6 25 23 11 30 28 38 26 15 15 37
16 7566 2215 22 35 10 46 3 8 2 28 11 21 7 32 41 33 26 39 47 34 13 21 44 42 50
33 8216 6466 48 5 32 14 22 5 50 32 2 2 41 3 32 3 26 38 34 16 21 12 6 19 47 18 42 40 11 43 24 30 9 21 34 42 36 8 48 38 41 50 39 31 4 22 35 29 10 21 46
32 7983 6050 2 30 20
43 9270 7080 38 44 10 48 17 45 40 4 4 39 41 44 38 32 26 42 3 13 22 14 33 18 45 16 20 47 45 40 41 15 22 28 10 31 26 26 27 17 32
31 7771 6454 26 43 5 4 36 8 16 7 23 48 26 18 15 46 14 9 37 4 25 8 32 34 40 9 12 18 25
50 240 8
43 50 9428
16 26 7822
23 31 2157
32 46 3566
4 43 6541
21 9 9838
36 17 1424
40 43 1083
23 28 6872
33 39 6242
7 33 4091
37 1 2918
10 23 1148
19 6 9245
35 9 6189
29 30 1647
17 15 4215
44 6 5407
27 30 2585
2 12 1975
46 20 3810
37 7 2212
8 18 7486
8 36 7241
4 23 6149
43 1 8480
41 19 7397
6 12 1204
16 41 7184
1 44 9347
28 39 4317
38 25 7873
2 34 4190
38 42 1777
29 47 4201
31 39 8003
11 31 3022
10 37 3385
15 4 177
1 6 270
48 33 6258
15 23 8585
38 24 168
30 12 4861
10 40 5557
11 20 8446
17 33 7878
39 42 5366
26 8 2669
4 8 8724
26 6 5507
35 20 9531
20 10 304
40 41 1665
2 2 7207
9 13 3078
7 29 7760
36 19 1354
2 46 8711
22 1 3369
46 27 1026
5 13 3295
36 32 7106
41 21 6649
8 24 3700
15 46 6290
43 8 6375
13 14 8179
11 28 6300
11 47 9497
39 25 4554
40 32 7578
32 5 579
42 28 4279
8 12 3094
5 3 3088
15 30 9703
30 9 1763
7 11 975
5 11 6614
29 15 6914
1 4 8698
31 38 8954
10 29 9533
39 38 7845
35 45 8799
24 9 6128
29 38 7989
42 47 6149
19 1 159
33 30 8723
50 30 6429
48 10 1816
4 21 4146
37 9 7183
34 46 6827
33 21 6737
14 49 1927
3 42 2473
4 10 4525
14 43 6204
39 44 685
20 43 5546
38 46 1366
34 32 8777
20 16 872
49 50 7092
39 13 7140
16 15 9131
43 16 3533
37 23 7423
30 8 4095
22 5 2582
19 23 1568
3 50 4089
20 22 9789
19 16 2227
34 6 2944
50 39 6134
20 34 202
5 20 474
29 50 7783
24 23 639
8 44 4862
26 46 4213
38 7 7734
3 34 717
18 1 8966
37 34 9168
42 4 5994
29 18 4555
22 30 5633
19 44 799
35 33 5755
45 22 4207
48 40 9494
31 9 3837
36 5 4660
40 33 6058
21 1 613
42 32 6246
13 27 7046
47 9 9153
18 46 8444
7 42 567
14 39 8009
20 49 6456
49 7 3016
19 9 9982
12 42 6228
24 19 9626
21 29 8780
16 47 5409
4 6 3870
25 25 6169
34 48 3127
32 6 2496
50 14 2478
11 8 5058
37 26 4685
9 4 3465
48 30 7041
44 45 7537
5 50 2394
25 27 5518
46 10 2218
26 43 2523
22 42 9939
2 4 896
10 42 8023
45 50 1878
12 48 1759
4 41 2853
43 47 5905
40 23 1933
8 19 7394
28 44 6586
4 17 1979
43 18 7882
41 29 9074
16 24 5975
46 35 2972
6 40 1914
11 35 8210
36 1 182
4 45 8060
47 33 4813
13 12 7857
32 45 8149
10 21 2816
12 22 2620
17 13 886
28 47 5449
42 17 3185
25 32 9349
38 41 2980
8 27 9701
19 48 8673
38 12 9559
15 11 5008
11 32 5244
8 38 1533
50 6 4718
26 39 4067
13 29 3399
47 20 9791
2 29 3669
5 48 6868
28 35 5079
40 1 5389
50 11 8673
45 19 5112
28 20 9120
47 47 5508
16 11 4839
18 7 5260
9 11 9589
39 48 7792
25 29 1381
25 19 6330
37 44 2876
7 6 4604
28 28 7402
20 37 2427
37 45 7687
45 5 7276
24 20 7166
23 14 1940
2 47 6766
22 29 5405
15 6 8261
42 50 513
17 38 1132
5 15 4721
50 2 8365
6 31 4791
27 47 865
40 38 5316
38 4 2589
17 9 5005
24 7677 5622 37 16 29 2 34 16 34 39 30 7 40 33 23 45 13 16 22 10 33 13 47 2 1 2 41 19 13 47 44 37 26 30 4 4 31 37 19 16
27 5872 2699 16 32 47 11 45 14 32 6 46 44 4 47 46 5 40 14 19
36 6358 3856 11 38 10 16 18 47 34 34 23 35 8 39
16 5153 150 10 17 34 15 12 29 20 11 25 25 50
40 9634 7344 49 2 47 36 11 12 6 9 47 41 32 31 48 22 48 1 24 10 19 7 26 32 35 46 42 11 20 41 1 16 27 1 17 25 36 28 38 43 38 34 33 19 16 30 42 14 32 15 23 50
21 4081 1149 8 45 23 18 16 16 18 32 44
18 7247 6768 6 27 6 48 15 42 33
35 3461 2056 29 22 46 43 46 45 16 46 28 23 40 3 40 6 18 10 37 11 29 36 31 36 15 37 36 31 28 18 15 36
50 240 8
31 43 5709
26 38 5154
23 3 2101
50 27 1991
2 18 1548
21 27 5786
34 8 7271
14 43 287
2 30 6667
31 47 2932
17 28 6426
28 5 63
32 27 9317
36 29 8543
29 32 2811
27 5 4389
13 38 8296
36 3 6441
26 5 3770
43 35 8917
25 3 8046
4 30 8450
17 14 8229
37 49 6857
30 27 9888
41 5 1992
31 19 5031
29 6 1284
20 31 9240
43 24 1876
10 50 6931
8 3 3760
10 22 6575
39 8 4773
46 39 9401
37 32 5655
31 14 5673
13 42 3079
49 14 8159
41 6 7582
17 17 6984
48 24 86
11 35 6009
36 24 7718
12 21 3757
13 9 3288
19 40 701
44 4 644
25 2 9559
35 44 4864
19 10 4532
3 10 257
42 20 6842
3 7 2515
22 18 6837
31 33 3346
19 3 385
22 46 5690
18 21 7841
28 7 1486
44 27 9445
7 36 9672
28 28 9474
37 45 3347
4 33 977
38 31 8247
40 16 2570
38 6 7538
10 49 8417
16 35 512
42 32 7140
23 41 4026
47 18 4105
22 6 6700
35 49 2498
15 46 5288
32 17 6927
39 7 6636
39 26 7203
25 38 2646
8 29 3969
48 5 7667
18 12 4488
23 12 1009
34 48 8507
33 14 604
23 45 8920
2 35 7478
38 23 4453
43 47 1941
39 5 2921
10 2 7927
28 21 7038
18 44 9202
29 29 3849
36 11 2815
10 15 4385
47 44 5774
19 49 4366
16 42 1957
22 13 9868
25 42 9095
46 31 5515
41 33 2943
19 34 5231
32 49 8123
18 11 2639
4 7 8282
28 25 4731
47 42 5824
4 15 3487
24 40 5428
22 37 760
37 27 8942
32 47 3678
15 30 4876
40 48 5336
30 3 6894
12 32 7119
45 28 7362
20 33 8627
9 7 6768
39 28 1504
50 16 9232
31 24 6411
11 1 2650
10 39 1529
12 34 5043
45 5 9639
25 19 60
7 48 3968
15 16 6009
44 20 2458
11 2 553
10 35 2327
23 47 5329
25 6 19
5 19 1604
50 13 6660
41 37 9079
2 46 6476
20 12 642
31 8 2663
41 18 3917
45 29 6151
24 1 5997
3 26 4602
24 32 7422
29 31 8236
39 21 8923
21 47 6743
34 41 1925
41 4 9566
11 21 4112
39 24 985
40 21 9539
17 25 8112
48 47 8290
28 36 1481
50 11 3750
47 19 615
37 44 9556
43 12 6168
15 24 5858
39 9 3149
9 50 1565
36 15 2512
34 5 8791
19 38 2843
29 39 816
44 3 5979
17 11 2467
28 13 6128
27 28 1563
41 41 8898
48 32 3667
35 25 7495
25 43 3558
10 31 3884
35 13 118
50 8 8872
35 1 1402
32 25 4495
24 17 3393
23 48 7060
8 25 908
32 19 4466
43 50 4702
27 14 1172
45 11 7795
29 11 5550
28 41 3081
4 38 1104
28 19 593
4 20 4363
22 15 2164
30 46 5220
2 42 7480
49 22 192
49 49 9484
23 4 6965
4 36 5249
25 1 272
39 15 3645
32 44 4542
4 47 5483
36 46 2657
28 44 4605
12 26 959
35 14 4131
38 29 6224
37 34 110
38 8 4710
11 47 7827
8 30 72
3 35 4069
38 20 3964
45 49 5307
3 12 7532
12 46 8095
45 35 1975
20 21 5308
30 9 8668
42 21 6264
46 42 6129
30 13 1167
1 27 8861
49 34 3865
16 24 1940
44 43 1861
4 24 3819
22 17 4439
38 36 3718
33 29 9848
14 41 7367
14 19 2580
14 4 6446
23 22 6274
29 40 6197
40 33 3537
15 5609 5451 32 43 47 19 13 32 49 13 45 41 30 11 9 13 26 14 11 49 36 35 29 27 33 50 11 24 32 48 41 35 7 24 29
4 9291 791 37 42 4 33 32 36 45 42 48 21 5 8 21 42 44 49 20 26 49 30 2 30 28 44 17 36 17 45 41 8 36 27 1 40 10 34 27 4
27 6473 723 33 33 44 25 26 45 44 4 45 26 7 26 5 50 42 40 16 37 31 25 22 9 25 13 20 10 39 24 36 14 49 18 46 45
44 8823 5290 38 29 35 15 35 10 19 36 2 8 3 38 40 27 11 49 3 24 20 12 12 43 49 26 44 16 23 40 10 48 30 49 26 16 13 12 25 33 47
28 3748 1989 17 32 27 28 32 31 1 1 44 14 46 42 41 41 10 16 30 19
13 8718 2210 41 26 31 2 2 13 49 32 4 49 48 37 28 25 18 8 27 21 2 43 16 45 33 6 4 50 37 24 13 49 42 3 26 24 6 29 38 4 10 42 5 8
32 6947 2383 41 11 18 44 3 35 41 37 42 44 37 28 18 1 26 11 5 3 35 10 31 22 16 41 15 22 50 45 5 33 42 45 43 11 41 47 45 31 36 36 26 24
43 9773 391 6 28 44 40 39 24 11
50 240 8
4 16 1327
27 15 4871
31 48 5362
26 42 9772
18 41 4068
48 26 2703
23 49 7769
18 24 8160
23 3 755
14 41 6078
26 47 4396
11 24 9253
8 38 6880
2 12 847
42 30 5046
17 35 7320
17 4 4889
40 16 6713
42 21 4026
32 2 8504
30 48 7956
3 8 8632
8 18 4669
40 19 6831
37 10 3060
35 28 4697
5 44 7750
45 33 1668
8 24 9988
37 7 7091
41 37 2238
47 41 2398
29 48 165
1 39 1133
32 27 7894
44 11 4921
41 17 4464
49 12 5020
22 2 3408
30 44 3948
16 32 8796
8 30 2277
7 47 427
45 32 1760
21 26 6153
31 49 5244
50 15 4789
12 13 9650
32 36 7203
47 40 5632
31 37 6442
12 14 5648
9 43 93
42 3 3815
18 6 3198
18 2 4647
35 41 9458
47 43 5642
35 47 5233
2 45 8773
36 25 1109
28 37 2074
27 47 3466
22 40 6618
37 9 5923
37 27 3177
34 11 8867
45 9 6912
37 43 5808
20 46 6552
43 32 6029
4 9 7167
16 46 8807
5 14 9746
14 40 3882
40 17 9018
2 36 3612
10 50 200
5 8 5669
50 13 6264
31 42 4319
42 11 4449
28 26 8044
38 30 4610
36 43 7099
20 34 9117
38 35 6354
2 47 504
2 1 6813
24 2 9675
19 7 7975
29 6 4704
4 3 241
36 13 1876
28 12 98
14 31 985
48 37 8189
46 41 9240
46 7 2313
48 34 8002
32 3 1659
9 33 6116
13 39 8618
5 24 5730
33 3 6293
33 16 2325
19 16 1064
8 11 306
50 7 6362
16 6 8446
18 39 1800
33 46 4310
21 16 2466
44 49 8851
47 44 5333
12 22 2801
29 36 4810
40 42 2412
48 5 2327
3 1 244
43 1 6173
21 1 2255
36 18 4950
34 19 1996
30 2 3610
1 6 4488
30 27 8779
27 33 7458
29 35 7703
23 37 228
13 22 4798
14 27 2735
31 29 9771
49 26 8550
2 38 7750
7 28 4787
27 8 3615
6 34 598
17 15 532
20 37 5219
50 50 3492
21 35 8894
49 6 6144
26 8 9445
13 8 4304
31 50 9162
11 4 4048
45 25 5537
16 24 5938
8 23 4652
28 10 3546
43 2 4024
38 17 4783
44 9 330
24 10 9492
14 44 5604
17 45 2248
42 32 6816
17 20 8523
42 24 603
1 20 2181
17 14 7084
41 1 2750
25 47 160
5 22 4119
49 35 7165
3 2 4259
3 45 3242
19 11 8163
45 4 7736
48 4 7207
29 21 2720
13 13 72
16 37 3568
26 43 1442
48 41 2876
13 45 6279
24 48 5225
18 18 1388
31 12 2041
46 26 3540
18 48 5403
30 20 2720
48 9 8932
11 11 9495
41 34 3844
18 1 5312
6 33 5125
48 1 7536
45 28 1076
12 25 2831
41 45 1903
2 20 8918
50 21 7078
11 16 7870
46 11 3888
47 23 7645
38 39 5610
17 50 4185
48 43 6681
18 7 6021
38 6 4491
16 16 2457
39 12 4267
29 10 7741
24 40 2692
19 23 5180
7 36 5096
9 21 4195
49 5 3820
5 27 5757
13 18 4772
28 27 4362
41 2 1088
17 44 3781
35 16 8961
23 5 3404
26 4 459
46 10 9887
3 22 7454
28 2 183
42 44 7178
39 49 8134
6 12 978
32 31 2374
38 7 8529
47 4 9339
36 9 3562
41 36 7115
26 27 4759
11 43 970
47 48 4683
28 6 2453
9 39 4828
46 47 9709
45 50 9048
14 22 1294
29 47 6273
40 3 7833
44 25 3996
38 4644 2097 38 31 22 45 35 30 33 15 28 29 24 24 31 25 5 40 38 27 35 18 25 8 8 27 43 3 4 41 41 1 36 28 31 7 22 17 39 7 31
18 5456 1636 41 19 31 45 9 20 23 45 39 48 4 46 26 48 1 29 39 43 31 24 20 14 32 43 30 20 1 11 37 40 17 29 8 49 24 16 18 48 12 6 47 15
4 6672 4762 6 3 1 48 36 26 19
49 7662 406 28 29 14 40 17 3 8 46 12 6 21 28 25 18 41 33 15 6 38 39 18 43 43 20 42 28 47 10 26
3 8455 4273 33 37 45 50 41 5 45 3 10 15 32 37 34 22 21 48 29 8 38 48 2 31 19 45 8 15 4 36 20 27 41 2 16 37
8 2946 2040 12 3 13 45 39 47 19 11 46 47 20 34 47
21 9864 4065 17 23 30 20 10 49 48 2 2 15 39 5 23 29 3 36 33 16
31 4472 163 49 33 11 47 2 46 43 24 11 8 40 36 37 11 45 37 11 47 40 25 37 44 49 17 49 35 50 14 17 22 29 15 7 39 11 8 35 6 34 45 13 23 32 1 36 27 39 46 25 28
50 240 8
22 11 9323
21 27 2073
7 26 3286
23 50 7366
39 6 4606
1 15 2592
6 48 5389
20 23 4870
22 8 6246
10 5 9220
40 26 8032
15 48 6259
38 6 4984
26 30 5033
44 18 7840
50 21 6155
43 26 9602
34 48 9226
4 19 3233
3 31 5939
25 20 9117
8 36 3314
17 23 9022
3 50 7551
39 43 9771
29 42 1091
36 36 6168
39 19 9715
15 23 5936
1 27 1666
42 1 5737
9 8 7472
26 26 8944
48 29 6143
1 17 6435
22 47 778
13 33 5414
32 23 8434
49 39 8358
35 41 7784
3 33 2285
40 43 6244
12 18 9570
8 17 3598
3 18 6066
40 41 4814
47 35 8786
21 19 3086
10 28 3323
2 14 5225
34 49 2865
27 44 7976
46 14 8384
15 14 7638
32 30 3328
22 46 9796
27 45 8030
15 15 1050
4 26 2429
27 28 1593
4 13 9393
19 41 7086
48 37 701
34 1 7914
22 34 7545
50 7 8343
46 36 8787
28 2 8451
31 5 879
12 33 7758
5 37 270
1 5 4561
37 4 8699
41 37 1701
7 9 3786
45 48 8107
30 35 5486
34 38 3916
40 19 1128
23 27 6284
9 48 834
15 11 8823
21 12 3865
7 15 6821
17 3 27
27 47 1576
36 29 1912
22 12 700
41 3 3070
21 25 6847
5 35 7246
42 2 2206
17 22 8569
34 5 1046
36 33 6724
34 9 509
33 25 3273
23 28 6343
43 4 9542
48 39 6788
41 42 8994
7 13 3915
40 42 548
44 40 1735
28 16 919
37 27 1082
10 10 8957
35 32 2186
40 23 8475
28 11 1315
19 8 6173
33 23 562
27 24 4007
18 9 185
34 30 7023
12 15 82
21 22 2766
46 31 5398
18 6 8628
29 23 8448
38 46 9381
10 35 1166
27 46 1351
10 25 8374
22 39 8456
44 12 7574
23 30 3721
42 37 2349
22 9 797
9 6 6530
19 15 7489
3 32 5366
48 33 4927
18 47 8678
43 46 7000
17 26 721
8 14 9422
30 25 220
38 30 3102
8 47 592
13 28 5958
10 12 7237
36 21 8688
35 31 6432
30 31 2400
7 5 3507
37 47 2148
25 28 5251
32 24 2195
44 1 4505
6 15 1742
43 37 6782
19 25 7860
1 8 260
7 12 3768
31 40 7356
27 39 9130
5 42 8114
28 39 7659
31 44 6816
47 36 859
33 21 8303
12 39 4180
40 35 1797
28 42 7260
5 32 6391
11 25 857
40 13 8516
20 6 1685
16 44 2544
1 14 7199
12 4 7731
33 43 3220
19 42 6172
23 19 8516
34 25 6047
23 34 1426
35 2 1695
14 38 5382
35 25 4055
50 39 5327
41 13 751
10 29 7084
11 23 6400
46 49 5486
48 46 6780
36 9 1867
21 24 1819
7 48 5875
24 9 7624
16 27 1838
27 7 8923
14 35 1435
36 37 3881
36 26 7480
32 6 3917
42 24 5737
16 45 9195
13 20 9319
23 47 2032
10 14 9860
49 40 4967
24 3 6103
9 41 3640
18 20 4106
23 38 6048
48 27 4465
45 23 3427
14 44 4502
12 26 311
25 39 4311
35 19 8612
44 11 8604
35 36 7971
7 45 9846
44 45 9743
22 10 8539
46 39 3053
39 41 9964
17 5 4491
5 16 9604
25 26 5445
2 36 5266
48 31 2162
44 5 7171
33 50 8311
38 39 7602
9 46 6712
24 2 8875
26 29 6002
21 15 5382
1 37 9086
38 5 2635
19 17 2280
16 24 7301
5 14 1255
9 20 1163
39 10 2508
15 40 4863
35 4 245
37 6090 5683 25 47 22 45 14 2 19 5 19 44 6 24 8 13 34 29 28 42 13 17 1 21 31 40 34 17
45 2781 905 35 17 30 32 38 26 47 42 46 1 10 39 9 33 46 23 17 25 1 8 37 19 10 9 1 1 45 17 45 28 24 32 44 3 15 32
30 8522 2612 25 13 32 14 23 17 9 46 35 35 48 44 23 16 3 32 16 5 28 34 49 5 8 32 48 12
46 2830 91 10 5 18 23 39 31 47 5 42 44 41
28 7590 4633 1 6
38 9372 4633 42 11 9 42 17 18 26 16 31 23 47 24 33 1 42 7 41 24 3 47 15 47 37 45 37 20 45 45 7 30 19 50 40 29 44 6 46 19 21 29 43 19 2
25 7471 7092 31 12 19 34 9 35 32 45 29 18 17 23 14 25 4 35 27 43 13 22 50 11 42 23 39 34 43 40 9 14 35 39
5 5473 3437 39 5 34 18 25 2 42 40 27 46 24 5 40 37 26 42 47 17 14 37 50 8 28 8 24 12 49 1 16 22 40 7 29 23 24 5 27 17 44 3
50 240 8
12 18 6206
4 4 731
45 2 8847
10 40 498
17 17 5306
40 31 6256
42 48 2679
33 4 9207
8 29 3361
34 46 6255
38 9 7374
44 12 6929
27 6 1680
26 17 7271
24 34 3487
32 25 5319
38 19 6967
18 3 6772
25 10 6051
39 43 698
46 30 1206
20 25 6618
49 3 2575
31 28 5042
2 2 627
41 35 1353
11 23 6523
30 40 8876
2 16 4085
5 6 5530
3 1 8761
10 20 6338
30 18 8990
7 50 1918
1 1 1971
28 42 4455
34 4 1979
7 33 870
33 34 6688
21 39 2793
3 43 8146
14 2 3767
2 33 235
45 40 4636
13 40 5187
36 20 4430
34 23 8310
16 45 3745
1 33 9617
41 29 1019
34 25 7534
37 42 388
20 29 2232
11 16 2346
2 5 4431
21 35 3675
48 36 3934
45 33 1486
27 50 4827
5 19 7512
31 5 1600
23 43 5769
3 27 3031
18 23 6033
22 6 3455
8 32 2630
27 31 6467
13 25 4049
50 2 7600
19 43 1738
25 43 4062
18 15 2814
44 46 8984
17 31 7757
24 37 3565
44 36 5385
7 12 5786
8 15 3386
38 23 5556
30 13 9830
22 25 2949
38 41 793
36 25 8411
16 33 6586
4 50 6291
22 43 5128
9 49 3739
47 8 4254
35 45 6728
43 24 940
24 48 5566
25 37 3006
18 22 9431
16 18 8292
15 11 216
7 41 3876
8 30 9675
17 36 8859
12 16 9952
37 6 7227
36 24 7451
23 31 4821
44 14 6953
35 29 5672
30 43 7034
46 1 3524
24 10 106
49 27 941
11 38 4857
15 26 6064
42 12 2838
45 34 2618
16 29 4533
22 14 61
44 45 6005
29 40 6907
3 15 8567
46 3 177
35 12 4191
10 26 1784
23 16 6828
6 36 3046
37 19 6217
2 30 1412
46 37 3642
37 45 9397
3 14 5257
18 9 2059
45 43 6422
36 4 498
22 27 115
1 34 2351
47 20 9119
18 38 122
6 34 9519
9 47 4776
26 5 3188
23 49 9610
10 5 6460
32 31 6576
32 14 8927
30 36 4398
50 26 3627
38 48 4882
21 19 3790
18 48 2818
41 25 7147
50 29 9960
33 11 2888
16 26 1815
47 11 2565
43 21 9265
21 48 7452
18 32 5924
39 25 9343
36 43 819
44 20 6685
24 30 18
34 18 6533
9 35 8730
22 1 5322
42 16 5494
41 20 6664
24 44 4702
48 40 737
42 9 4309
26 2 1380
12 27 2060
30 10 1979
15 20 3714
45 41 4366
20 34 4283
14 26 1652
28 50 1297
32 49 286
19 41 94
30 16 7247
11 29 2173
21 8 9782
2 23 2004
16 19 494
34 38 1430
17 4 9205
21 33 8506
19 15 5105
7 35 295
2 15 7512
1 25 7091
25 47 5400
9 48 8974
13 16 6543
10 49 6132
42 18 3237
49 38 8170
6 8 1984
19 8 4617
35 20 5017
9 13 3943
7 14 2652
7 38 9716
22 31 3627
22 16 5320
39 3 6219
29 23 5624
36 9 6486
44 17 5211
15 37 1472
28 30 9528
41 34 4136
28 3 8357
11 32 7731
26 3 6671
28 22 3949
1 48 5985
11 34 5836
38 27 305
2 41 9791
26 20 3220
6 10 2006
43 40 508
40 33 9174
42 7 7953
15 6 3655
12 43 4616
45 32 8955
23 37 8506
16 28 2233
35 50 5489
32 36 9865
33 35 5207
18 11 7998
24 16 3515
27 26 3039
24 7 1994
46 43 6853
13 22 9086
50 23 927
46 31 3808
31 48 5143
17 5 6310
29 6685 5905 44 21 16 17 49 43 8 22 49 5 20 43 8 32 16 46 31 39 24 26 21 32 8 20 27 24 25 39 4 32 24 50 4 42 18 2 34 26 24 33 30 43 27 39 24
43 9706 183 33 9 32 5 43 42 24 19 15 50 8 21 33 31 20 36 24 39 38 8 16 11 42 45 5 18 35 28 12 19 36 46 27 18
50 6208 3220 26 40 25 25 47 47 10 29 18 45 5 7 32 12 22 44 5 19 48 24 3 28 36 23 13 31 2
30 4432 3821 40 8 11 17 34 9 13 43 40 31 38 44 37 21 7 10 15 13 28 12 36 31 39 23 5 2 6 6 33 38 28 25 45 40 41 30 49 3 25 40 33
12 5584 120 34 41 31 48 3 10 12 40 42 50 13 47 3 18 2 36 5 31 12 1 21 2 32 21 4 6 10 39 19 44 11 3 36 43 50
40 6254 4662 29 46 13 41 42 17 8 46 4 14 26 15 16 48 16 48 20 22 3 29 12 22 24 22 24 11 17 25 50 21
38 7915 1980 2 21 10
18 7056 5280 24 46 34 38 12 32 4 9 1 27 11 32 38 34 7 11 9 20 27 34 21 49 23 1 17
50 240 8
24 24 9025
43 6 6081
16 1 5664
6 14 6647
11 24 3950
37 37 7733
26 20 7389
36 29 4908
15 14 8131
15 36 6981
31 11 9004
6 5 9011
39 21 9512
6 28 2177
3 38 1201
3 24 6587
36 49 4206
28 36 86
38 2 2299
19 17 2636
3 47 4796
9 5 1
21 43 8173
35 50 7700
12 3 2039
13 7 3362
50 45 8012
9 24 447
45 13 4199
45 34 9067
31 36 63
30 44 5269
33 14 4414
8 48 9513
10 12 3567
49 24 4174
11 26 1770
25 34 3745
22 30 5007
23 26 40
40 7 2177
6 38 4071
25 20 7436
39 29 1786
5 38 9297
22 36 7522
48 48 6697
18 22 3732
15 45 2362
40 15 3708
46 43 8915
35 16 9392
6 2 4282
34 38 8686
21 37 6658
8 10 5155
26 28 9893
40 23 2255
16 42 6196
31 2 9192
29 40 6211
35 43 6845
18 31 5532
41 19 2190
48 28 3697
5 37 5472
34 30 3964
8 37 4179
49 33 2511
3 27 1137
24 6 7776
37 42 8921
32 9 3653
14 49 7621
6 47 8349
6 3 5237
30 36 2018
44 44 7406
26 44 8990
39 48 9767
27 21 1224
5 7 5615
28 41 6275
31 6 4824
23 2 9716
27 41 9745
12 9 91
7 17 968
1 7 708
50 26 1586
21 50 6593
29 17 520
21 45 8101
27 19 3303
40 43 3206
8 21 4698
5 32 8208
46 41 9124
16 41 9030
27 40 5056
13 12 8657
27 29 9962
21 30 3640
41 35 8829
33 41 86
3 39 7441
39 26 6222
7 18 5252
33 10 6660
47 21 1670
3 15 5896
31 30 1966
12 20 1056
46 50 3440
38 38 8994
28 29 2729
26 25 4801
8 34 1462
6 7 3132
10 23 5380
42 2 7346
3 22 4754
48 23 8194
35 10 7188
12 39 6269
39 10 2226
36 35 6703
38 44 9486
2 49 9044
36 9 5017
16 50 3718
12 5 5141
16 4 1763
24 50 1151
14 19 5290
28 9 200
15 2 6038
18 2 5083
3 18 7411
21 31 517
15 48 3570
11 3 9909
13 18 1180
5 40 4677
34 50 1229
1 1 7267
18 5 8702
23 16 5154
42 29 1677
23 46 3341
22 17 3120
33 27 2923
44 41 2790
24 47 3082
3 31 3181
32 31 8384
2 48 1138
4 22 4053
11 14 732
11 44 1048
43 23 323
37 13 3114
49 15 6139
30 48 3171
21 2 3304
43 8 6214
6 40 801
43 19 5081
32 48 5436
6 36 7600
22 47 2559
20 11 5050
49 11 8221
15 9 5342
37 25 9078
40 1 3794
39 39 6599
24 39 5222
21 1 41
33 3 6941
43 27 4307
26 16 2606
48 18 2425
35 4 3738
26 4 7532
15 44 483
6 8 4135
49 41 7588
42 33 5614
50 36 1686
25 4 4292
26 48 9541
43 25 7725
48 13 3200
3 45 4714
46 30 104
32 37 7711
17 35 5053
5 27 3438
21 28 2425
7 2 8528
1 29 7177
42 24 8252
19 21 3064
20 24 1761
36 21 940
9 25 6941
49 48 1718
25 6 9471
3 7 5400
31 50 8423
33 19 5495
49 40 970
10 27 1091
3 19 4294
32 24 8364
40 37 5232
39 7 8
44 29 3312
43 2 2255
27 20 7750
28 11 8721
15 39 7554
30 26 5716
16 17 254
48 5 6510
8 50 8590
20 2 6070
26 43 3223
29 20 6833
47 29 6827
19 8 8354
35 23 770
41 22 6076
1 30 9013
15 34 3691
9 9 6119
33 43 6816
3 1 5171
39 25 2293
29 9198 4722 30 27 1 23 29 32 38 45 15 29 4 25 50 32 18 22 18 32 11 2 25 28 7 27 1 45 3 46 24 1 20
3 5629 5269 27 8 3 14 3 17 45 6 43 44 39 10 16 8 42 28 11 18 5 17 44 7 12 46 5 35 49 24
39 7593 1527 17 35 48 32 39 15 26 46 9 22 34 19 39 43 10 16 4 27
23 7221 6271 31 33 19 35 19 17 9 9 44 4 25 31 1 7 19 17 34 15 26 5 50 44 43 43 5 11 48 33 33 19 6 13
4 7797 4573 22 43 8 31 38 11 7 18 13 13 37 30 47 3 7 3 4 50 48 46 6 8 45
38 8165 2091 43 4 19 18 3 42 10 10 24 48 22 31 17 37 45 5 16 41 7 24 46 11 25 43 8 30 2 5 19 43 20 11 46 38 30 1 29 42 12 5 41 36 35 7
22 8411 7678 39 22 20 12 17 32 36 11 40 17 12 44 35 4 15 47 1 2 26 1 32 19 13 36 9 50 20 18 21 1 29 11 22 50 22 40 32 9 50 23
25 4317 3010 9 14 32 5 14 35 32 17 16 1
50 240 8
31 4 1258
30 25 1575
50 25 6655
12 48 507
33 37 8288
43 36 9162
17 46 9831
27 11 1514
31 25 1698
12 43 3215
12 23 4618
23 2 5695
50 3 1419
6 14 5967
15 48 9353
5 40 9391
17 6 2438
50 32 4549
14 14 4875
14 27 4167
29 41 4339
50 13 92
47 14 6794
16 21 9109
35 35 6006
39 39 9695
32 7 8652
20 6 6735
19 19 2200
46 34 6726
15 15 968
4 16 3480
47 42 1976
17 1 7561
2 9 8851
42 6 5884
49 10 9003
4 45 3024
25 47 1919
8 26 1334
24 44 1439
39 27 1637
50 23 4980
34 42 5741
42 43 3435
48 27 4733
39 4 755
28 23 1526
14 46 370
3 35 9046
42 36 5320
23 14 9810
6 5 1904
49 47 5339
46 25 72
5 7 8460
8 14 425
9 41 1499
36 4 6044
8 9 3630
4 50 6616
24 24 3329
36 31 7684
40 30 4882
29 27 809
3 31 4467
16 40 8880
41 1 8673
40 38 5178
36 45 9836
17 50 6988
33 25 1613
12 10 1146
48 50 5125
33 30 3003
42 33 1984
9 48 3625
41 40 8875
16 31 5612
45 16 558
33 32 6407
23 16 4831
37 30 1993
33 27 7092
10 9 8171
15 2 1655
1 10 6004
27 3 1643
4 18 6423
19 14 2741
27 47 1522
35 21 8440
18 7 4119
11 41 8947
5 2 7808
29 17 1509
34 17 871
39 45 4773
34 49 4592
10 17 9156
1 43 1004
25 29 7124
15 49 5483
34 9 7225
34 14 7477
42 44 1945
1 27 2613
22 17 3108
47 3 5008
42 12 7574
19 4 8335
50 28 950
48 11 4035
8 39 6068
12 16 2762
13 45 5375
36 13 4835
35 15 9843
26 26 3769
25 37 4190
28 25 5089
5 27 4338
18 14 2745
6 35 3620
23 46 9385
37 8 5881
45 50 1079
9 45 7254
37 17 9580
25 7 6357
49 46 7413
27 36 8232
41 31 6039
25 3 4663
20 39 6049
30 22 9163
27 16 3464
6 27 3960
12 13 8226
42 39 6682
1 40 6579
14 16 814
47 8 4147
36 32 1099
35 12 7015
13 29 6831
43 31 3170
19 24 7209
4 24 8298
35 37 8413
50 35 2623
49 23 3006
50 24 6609
42 24 3145
5 42 5457
33 23 976
42 15 3308
12 36 5681
21 41 804
19 25 2443
35 26 8829
8 24 9651
14 26 2276
26 17 6402
23 23 7543
33 7 5515
33 20 9759
20 3 1079
10 10 7050
34 5 1434
10 34 4793
35 38 1158
12 14 485
30 16 2958
43 9 5826
3 6 6458
24 15 7577
39 36 5446
22 42 3232
26 20 6261
28 22 9412
43 32 263
28 30 7989
2 44 1918
7 17 4537
30 8 7769
13 34 2146
34 48 7682
16 25 55
28 19 1738
12 15 3802
41 44 8143
44 40 61
23 31 9567
41 19 4197
48 40 1161
34 37 3644
31 21 9961
5 28 9339
33 47 4978
47 1 8820
41 45 9614
32 8 3488
12 26 7979
32 25 6228
22 38 6761
10 32 8543
34 23 7925
16 19 2903
13 21 8075
5 15 7689
38 23 7530
49 50 5509
31 26 8089
2 13 1203
13 46 9746
47 2 8623
19 27 6440
39 32 1404
11 7 5060
28 49 3297
2 29 1096
29 28 3980
32 40 5183
44 37 1282
37 26 5230
38 1 6548
16 42 8788
49 48 248
7 9 75
7 6 3828
35 4 7578
26 32 6057
7 13 3398
35 24 6141
13 4 9780
15 4 8547
8 44 1697
6 45 7306
14 22 3062
21 6250 2849 25 31 25 6 39 31 19 37 23 26 24 48 18 36 4 50 50 9 50 8 3 47 13 47 3 28
20 9815 9097 20 15 22 1 41 30 39 22 48 27 46 25 50 43 44 35 48 44 37 7 43
44 4608 3190 8 7 44 35 26 11 32 48 27
6 6316 2297 35 38 40 34 16 35 8 18 30 2 2 27 47 40 35 39 35 45 29 42 3 24 28 31 34 10 28 12 17 27 29 1 16 20 36 31
5 1097 442 36 46 2 14 42 43 1 32 28 45 13 19 48 36 47 28 22 8 5 35 26 33 15 28 48 35 13 30 41 7 30 26 3 31 41 46 23
41 8901 4179 36 42 21 35 29 19 14 50 26 20 37 3 2 1 30 49 35 42 30 25 50 9 2 2 41 45 50 14 35 29 15 22 22 37 8 50 5
2 6381 5389 38 34 41 38 15 41 23 6 21 49 6 31 3 9 22 47 10 37 33 40 3 7 11 40 14 11 46 35 14 30 24 1 15 17 38 30 9 12 37
29 7193 3162 12 15 5 33 13 14 19 45 6 21 1 16 12
50 240 8
17 28 8607
1 41 3738
26 43 8502
44 33 5933
3 44 6670
33 8 215
44 24 4919
28 36 6885
46 33 3690
17 35 5857
30 1 737
37 3 8427
27 31 1220
30 24 6652
15 28 1497
35 13 5857
3 8 5230
22 36 5918
9 31 7102
1 49 4486
9 29 3487
46 17 2691
25 44 7021
47 25 1247
1 39 8776
1 26 1588
8 28 3346
40 1 5331
10 10 7863
12 10 8862
49 20 7240
38 17 4308
29 44 1101
3 40 5177
50 41 9766
42 17 2551
19 13 8090
19 46 2252
30 9 7163
42 21 2913
11 13 2150
28 24 431
21 27 5733
12 5 8634
4 21 311
46 14 3577
47 34 6541
40 4 1188
42 34 7347
5 25 8719
19 37 3684
21 16 2957
2 38 9683
37 50 1587
23 3 9609
37 1 8224
16 47 2009
8 38 563
48 29 798
45 36 5224
15 4 6860
49 26 6326
8 30 3913
41 18 3514
31 41 6567
42 27 4369
16 28 2750
4 41 798
34 39 2544
19 15 3010
24 26 808
50 4 4267
29 17 1058
48 34 2140
38 1 2831
16 22 8099
10 37 5377
10 42 9569
10 28 4560
5 46 4774
15 20 1849
26 21 1602
43 1 1621
3 48 5154
43 38 1606
27 3 8779
28 12 15
5 24 5809
25 35 2536
35 41 4083
11 6 9354
11 33 3474
15 27 926
38 32 9524
12 2 3951
16 31 9929
28 49 1283
3 10 8559
37 48 395
28 31 7006
35 36 1818
19 12 8232
45 39 8972
26 13 4865
2 26 5069
3 41 7699
32 20 3049
18 24 4208
29 11 4255
25 40 8386
33 24 8223
1 44 7886
35 38 2124
7 16 2238
25 19 2213
44 21 8756
45 5 1777
45 24 6201
3 2 5463
11 28 5002
49 10 677
22 10 520
8 45 8059
35 3 674
23 27 7142
39 22 1415
47 17 3421
45 27 3114
46 40 726
26 44 6724
35 21 7297
47 43 5757
43 3 6341
45 29 5515
24 24 3255
2 13 4961
28 25 9405
6 42 5152
48 20 6527
41 45 7564
14 42 1410
6 49 8502
47 39 9607
22 12 2862
17 2 8966
31 13 9695
8 18 1250
1 22 1799
20 50 9992
16 14 6505
8 24 4562
23 50 5023
13 7 3595
24 21 5113
25 37 5595
37 32 7504
6 35 3954
27 34 8376
28 26 1141
43 33 9548
18 48 5706
45 22 2307
21 34 2163
18 7 1233
31 33 5622
28 19 9705
33 26 5039
39 2 8525
15 32 5650
9 24 1985
7 42 2882
15 36 6003
22 6 2936
45 23 7656
35 47 2349
19 22 3741
7 25 2266
24 6 4268
32 30 2605
40 23 5487
7 10 7842
30 18 7130
25 41 398
33 49 1485
47 45 381
4 16 8914
33 21 4004
7 11 4060
17 5 1389
34 36 4507
25 10 4647
23 15 7431
20 9 8836
33 45 9050
38 12 7965
23 34 1969
29 46 2381
45 1 3770
29 5 8996
28 27 910
12 36 8725
31 44 7561
30 13 1945
26 14 7082
39 31 5106
36 18 8182
30 20 8304
10 5 6582
14 4 2212
24 27 4190
4 35 9232
1 13 8747
34 1 6227
29 27 5642
12 16 6017
19 50 230
22 37 8934
40 21 3780
25 3 181
17 37 6927
8 12 8956
37 6 5518
43 19 4033
12 37 5483
42 8 5496
15 47 4431
13 24 3320
33 6 46
38 39 9534
38 7 923
17 17 4634
42 44 7894
10 27 4405
47 12 7498
6 9 2162
2 42 4427
27 12 9411
35 11 6348
18 5 2397
4 31 6149
45 5573 395 5 3 3 3 16 1
8 7164 4773 12 17 42 38 31 6 24 41 4 49 35 44 30
5 7999 2526 10 30 26 5 6 23 11 8 25 13 25
27 3669 600 41 33 17 35 23 47 40 46 37 45 44 24 40 23 30 39 1 39 19 28 43 26 50 5 35 24 17 9 50 39 9 43 21 26 29 45 24 20 41 11 14 36
36 5310 5255 15 44 11 5 14 39 50 39 38 4 23 14 21 34 15 11
42 3906 3082 19 37 28 43 6 20 5 22 5 40 27 17 6 20 28 10 36 18 9 24
7 7748 5012 20 35 32 37 47 23 45 29 44 32 8 36 37 27 40 10 34 29 36 50 36
29 8994 4342 46 4 18 5 18 16 26 4 49 12 50 24 7 28 17 38 36 4 26 14 43 36 47 23 23 49 8 32 29 2 24 25 7 44 31 26 11 6 29 10 18 28 35 24 6 1 13
50 240 8
43 4 8887
8 48 374
5 20 9247
5 29 9778
33 32 1004
9 41 199
39 16 8759
47 45 2020
14 22 6154
39 29 4206
3 21 1861
40 29 1358
17 35 9829
16 41 2409
44 23 1741
50 34 5481
1 24 9946
11 20 840
33 33 264
40 23 742
46 25 5465
10 17 8145
18 33 8331
50 48 2971
9 43 5545
2 45 7478
33 45 1702
32 7 9671
24 42 3506
38 31 9330
31 28 4455
46 37 6823
43 7 4105
24 8 4604
45 16 1746
42 20 9240
21 2 3637
25 35 7343
46 9 5084
4 46 9366
35 28 8044
42 25 5682
15 17 3640
22 40 1747
26 36 8765
22 28 6434
15 50 6587
2 24 9172
47 21 7732
32 25 9827
50 11 8905
44 2 6781
27 18 8898
19 39 6289
17 14 5575
32 37 5004
18 1 5703
5 4 5726
29 3 1096
11 36 1672
39 35 6784
46 29 4535
29 7 804
27 25 6992
17 43 407
44 26 6444
50 43 7046
3 48 9500
39 38 6801
29 24 3585
24 4 6159
30 31 1086
23 49 7828
30 44 1504
26 43 4898
23 47 1895
5 14 6467
8 42 5690
46 17 6992
21 20 9503
50 2 589
22 50 4770
4 45 2626
29 37 7524
3 33 5772
27 11 2847
5 16 1960
22 25 2501
13 20 5469
7 40 9588
10 42 7890
2 13 3341
24 18 4486
50 49 1222
26 1 1857
48 28 7717
47 32 284
7 4 2711
10 18 2230
23 20 8384
14 10 3287
28 1 2960
48 39 1611
46 14 7787
46 21 6086
34 7 5576
42 12 8287
2 29 6869
32 2 9241
1 38 4006
12 26 5686
15 38 4183
3 50 7578
24 38 9076
49 28 6309
4 16 6840
7 46 3709
38 49 9303
41 36 9661
4 11 5347
31 21 6999
9 38 3637
35 26 2713
26 39 3957
31 6 7149
37 1 7210
26 49 2865
18 36 2527
22 49 7874
39 49 7405
16 49 6538
50 24 5603
34 28 978
22 37 2058
29 36 3846
31 48 2422
31 14 6289
17 41 5212
15 15 851
15 22 2063
14 38 8961
2 39 8286
5 23 3015
36 46 1701
46 27 3888
37 17 4237
50 8 6753
40 21 4319
6 24 1435
30 37 8748
19 1 8951
7 39 8405
31 7 1542
29 10 6738
5 49 2132
11 35 6300
48 36 6757
3 27 8779
24 34 1652
9 13 2941
40 32 8017
20 38 9559
48 48 2649
34 15 3031
34 14 768
44 17 5196
25 40 8979
30 1 1244
21 9 2924
14 19 3865
45 36 9885
35 47 6434
32 5 9561
18 18 6681
13 36 1877
37 28 856
16 28 2100
36 38 1377
49 6 5242
46 43 1479
30 40 4266
13 38 6556
41 19 8110
4 36 5629
35 48 6217
12 37 1294
20 2 2773
38 19 3343
26 14 849
42 26 4738
48 18 3957
10 21 4994
39 5 8394
6 18 9830
2 38 9333
27 10 7172
40 11 5862
8 6 5996
20 31 9562
22 24 3189
10 23 3409
17 32 3429
14 21 2636
8 28 2905
43 23 5907
4 48 5946
16 10 755
22 8 9425
4 22 1648
28 12 2257
2 23 3176
34 2 9089
6 40 9748
33 48 6589
16 42 2763
24 46 6110
22 13 1671
30 36 3229
1 5 7468
14 12 3619
5 40 7478
10 31 3578
45 28 167
10 20 2931
44 7 8478
16 38 7614
45 44 605
47 50 8073
13 13 8044
48 1 5949
39 31 8360
27 15 4567
10 49 6233
15 19 3693
29 15 1688
34 11 6287
9 23 6100
3 6 6710
32 44 6220
31 23 2986
48 2485 81 34 35 44 48 3 38 28 19 28 13 30 18 23 4 20 27 28 22 35 41 6 1 22 2 21 4 24 8 4 5 45 39 42 38 38
46 5814 4926 15 5 29 46 22 1 1 43 29 29 14 13 21 21 15 44
24 9647 385 47 45 1 4 39 39 47 28 26 42 5 42 6 11 20 3 34 22 4 26 2 34 41 17 4 13 33 47 37 20 44 35 14 46 40 4 36 36 34 13 28 38 4 35 50 25 38 33
41 7851 5309 24 50 20 27 12 2 25 50 22 19 35 35 16 26 41 2 12 24 14 39 13 20 23 12 46
12 5843 3995 2 5 47
27 2115 305 3 19 17 30
21 3647 2687 5 25 15 32 17 16
43 9631 8239 33 4 1 8 17 46 19 12 41 21 18 37 49 25 2 4 43 21 33 13 10 30 19 34 44 1 2 12 45 43 43 28 46 45
50 240 8
35 12 5639
3 25 9532
25 42 7118
24 16 3172
27 11 6642
9 25 9151
40 46 3387
35 46 3738
48 42 8681
40 19 5378
36 5 440
28 8 564
10 34 1408
30 7 6923
2 35 1535
44 45 3360
48 34 2005
35 21 6152
23 18 6143
6 10 5114
35 45 5368
27 22 5727
41 33 4361
49 13 2269
25 14 556
10 10 5050
22 7 4286
27 41 3706
31 15 3325
27 21 3734
41 7 7931
9 33 1554
39 25 4137
50 24 9149
21 50 9762
27 9 8971
28 31 2279
16 9 369
24 40 9684
49 16 5256
36 8 2464
17 18 5396
21 6 7320
8 5 9645
9 26 9294
24 2 4155
47 31 1235
27 46 1595
46 19 5036
32 20 4053
40 5 3760
4 23 5878
2 43 6133
23 3 5240
20 13 5467
15 36 7370
20 33 6001
7 11 8348
2 6 8119
41 40 8638
44 29 6344
5 35 2816
33 36 5960
18 10 9914
8 30 3827
15 48 2666
49 49 2922
9 49 1125
16 6 7657
10 36 353
16 22 3169
50 8 5482
17 19 1748
27 50 1927
3 45 2092
50 11 6342
50 35 5651
1 13 3119
20 30 2476
28 41 5411
31 6 8783
3 5 8492
37 24 7760
11 13 4103
7 7 7203
20 49 2854
5 20 2170
25 50 4646
4 42 6410
46 38 3703
38 26 9426
28 12 9724
32 21 430
37 40 7478
41 45 6530
46 15 5052
7 12 1059
6 7 6897
10 46 7672
38 47 5134
18 9 4858
49 29 5288
37 20 9119
27 16 2001
24 32 7053
45 47 3104
16 31 4510
22 30 6371
19 4 7659
16 39 9576
24 47 6226
4 38 4812
25 7 4540
40 10 8466
22 13 8862
20 20 1233
25 35 4663
36 9 7694
7 27 8397
18 42 4235
46 17 1284
22 22 3621
36 46 1429
29 38 1238
45 9 4452
9 28 771
42 3 2656
7 40 6816
1 46 942
49 14 8636
36 11 3454
29 43 4319
24 22 9997
11 10 493
21 13 6204
49 36 3147
5 42 3257
7 39 552
7 4 5540
45 15 8994
14 47 9872
7 18 5448
30 18 3160
40 11 6233
4 15 5831
39 13 7585
33 19 9876
42 27 2864
19 36 2529
33 33 7544
31 7 2102
50 5 7632
24 28 2150
34 19 1307
21 3 3527
7 13 4189
42 33 9927
23 17 4659
19 49 5615
22 49 8372
6 15 641
31 44 9143
29 29 9296
49 32 9176
47 28 1682
9 19 7623
44 46 8797
18 11 1324
41 11 6048
46 25 6689
28 21 5832
38 10 2012
17 8 110
50 34 2706
29 16 2664
47 41 7059
45 40 2271
3 8 7983
27 48 9743
18 16 8222
40 50 1360
1 12 8628
9 22 3429
44 28 6107
10 45 3555
2 42 3626
7 1 1609
33 48 1352
10 43 2072
27 18 1563
27 30 1464
40 8 7422
14 39 4965
43 48 5776
37 5 3830
45 7 7923
24 33 3146
21 37 1107
16 11 984
33 25 1312
4 21 4462
17 11 5779
9 48 3613
39 42 6821
12 15 3585
35 47 3084
7 35 4191
24 46 1527
8 22 2839
21 10 3295
43 24 6411
21 14 1410
49 12 7975
37 48 1723
21 7 1060
12 30 1705
42 40 7926
33 10 1187
28 5 5262
40 9 8764
12 23 6527
32 2 6027
44 50 1541
21 38 8638
47 8 6894
27 14 3112
16 42 1094
27 31 2372
33 43 6413
42 9 4274
16 38 8306
17 16 801
22 6 1648
44 26 4333
22 41 3797
39 34 4892
15 14 3616
30 41 8516
4 6 1253
10 22 6370
11 9380 5688 35 46 30 4 9 23 32 44 46 24 44 34 8 36 50 23 4 49 31 33 41 49 38 46 4 48 19 27 10 10 7 46 5 36 50 15
10 4032 2610 5 6 4 40 15 41
42 6887 6243 42 20 28 33 20 15 30 23 12 49 49 24 10 8 19 14 43 20 31 5 2 41 11 10 46 1 26 36 44 13 31 35 34 8 17 3 22 49 28 36 49 28 11
8 8034 7028 23 30 1 3 34 4 45 44 13 40 46 39 25 39 3 5 24 39 14 42 43 36 40 22
23 8849 6637 33 45 36 13 20 17 13 22 50 17 17 46 31 8 43 21 33 32 26 39 7 16 5 50 8 40 40 32 12 29 33 46 26 18
45 9822 2834 18 36 41 36 33 23 44 28 44 28 9 21 18 17 36 22 16 45 13
7 6375 5475 38 8 21 13 28 31 9 14 3 26 1 43 14 36 15 9 13 10 36 23 30 5 41 17 27 8 14 39 15 41 17 4 1 37 18 28 17 26 43
21 8952 3694 15 18 30 30 26 44 41 13 16 23 18 8 39 44 16 4
50 240 8
34 32 1944
50 35 4044
39 2 7923
7 27 2767
28 31 6461
42 49 8543
23 24 9636
14 37 7354
36 6 361
26 1 1176
30 34 4907
26 36 2243
20 26 8394
45 32 6872
12 11 655
23 3 8203
18 27 4978
5 42 1366
11 27 2821
22 5 8121
1 36 1607
8 11 7642
2 32 2469
48 26 6150
21 39 5911
28 13 8015
31 31 8291
11 37 7533
28 47 1561
49 18 3967
21 18 6604
28 28 5064
22 31 2447
41 28 3972
43 50 1462
4 27 8675
21 9 505
15 20 2941
50 47 9689
13 45 8406
33 17 9326
37 44 1003
2 17 2033
49 7 7162
24 50 6912
38 5 4640
50 20 4793
19 13 7642
15 2 4756
11 11 5838
28 37 3525
23 40 2628
40 25 7826
48 37 9701
49 1 9391
6 42 1403
33 41 6625
26 11 4787
20 25 2639
26 37 5249
17 14 3537
42 39 2828
20 28 4152
48 27 8990
2 26 741
43 31 3484
46 15 8426
21 42 4286
13 2 37
49 3 353
15 40 4194
3 18 7015
32 22 7663
8 14 716
35 5 6808
15 41 655
29 17 1128
20 3 6388
32 15 6991
20 16 2843
25 30 2232
22 34 801
37 15 9874
2 24 7937
18 9 3094
28 25 1734
34 4 5153
12 25 6505
2 9 2872
43 30 7387
36 4 7416
2 23 1013
18 47 666
41 36 1036
1 30 8213
26 17 6046
31 20 1359
7 25 3060
15 49 1752
44 36 9639
50 4 9758
26 5 3382
41 22 528
8 15 1964
44 15 2845
9 42 5461
8 24 9582
17 31 209
30 47 3707
34 43 4593
24 42 5598
34 17 2653
19 8 8724
47 17 5240
13 12 7105
11 20 1748
24 29 2072
7 46 9454
3 25 6209
45 20 384
36 19 670
5 24 4338
14 48 4886
30 41 3751
43 48 5461
12 46 5336
41 20 8442
38 24 4461
16 27 7836
25 23 8507
26 34 4164
49 22 5129
49 10 9408
39 11 8400
36 24 9013
33 11 555
3 5 44
28 17 7559
6 5 7636
29 12 4449
39 40 1932
5 40 3753
34 38 6812
44 28 9975
49 9 2749
11 17 9701
16 13 5328
34 23 3534
38 11 1114
1 10 252
40 42 9906
40 19 8810
33 49 8785
37 38 8161
47 6 4214
14 19 5895
49 43 5781
36 3 6895
39 14 7147
28 5 3405
7 1 8094
29 26 2148
8 40 5884
47 4 4882
49 23 7612
47 15 9745
35 19 6640
23 32 3787
2 38 3544
11 40 1638
2 28 2353
36 25 9856
21 29 7926
21 1 1890
17 17 1636
3 37 8276
25 18 8416
46 2 3375
49 20 2739
1 48 5092
2 8 3101
4 18 2496
20 4 6948
6 33 5275
25 49 6851
31 11 8439
28 12 1814
4 26 2582
8 49 822
9 26 4602
14 46 7098
35 1 398
42 33 5673
18 33 2524
48 44 7315
30 4 1541
35 32 4123
33 45 2280
31 19 9890
4 4 1670
40 4 2069
31 39 7742
48 21 6619
47 16 3934
14 1 4259
40 35 7055
22 18 7025
13 26 5246
18 31 3268
10 34 1689
40 24 9432
40 45 2403
36 10 6337
11 34 2105
41 50 1556
43 7 8061
10 32 7975
37 30 645
19 49 7104
3 38 5393
28 22 9632
22 25 2820
34 15 6032
19 20 4672
18 28 3923
8 21 229
11 47 9820
41 42 5788
41 46 5692
30 42 9670
44 30 6395
27 44 8779
43 25 4774
15 4 4895
42 19 2358
36 7 1750
33 2 7381
24 22 8684
44 10 9328
39 25 2779
5 9467 6506 29 32 12 24 30 28 18 48 38 3 7 38 35 8 22 11 31 6 12 45 22 10 40 32 38 30 8 20 35 25
28 8312 6858 39 39 38 19 6 38 6 10 46 46 44 3 19 6 33 24 17 29 48 29 19 31 18 48 38 37 34 15 14 47 23 5 37 12 23 42 1 30 1 46
27 5295 4399 45 4 32 21 22 13 18 50 33 50 18 32 37 6 16 3 20 14 27 26 50 39 48 43 41 27 45 37 6 42 36 50 45 20 22 17 34 41 16 16 40 35 47 29 41 14
31 4526 3261 8 37 28 48 36 20 40 14 14
26 6868 605 14 21 2 35 42 18 18 33 36 35 22 20 33 50 12
47 6632 1422 25 40 11 3 39 46 24 28 10 40 6 28 45 21 48 46 5 42 16 24 24 1 10 47 22 42
34 6630 6589 6 15 20 19 19 10 14
42 9222 5036 33 44 3 27 14 2 25 20 43 42 43 18 42 2 15 13 46 13 48 35 43 6 1 14 24 19 23 37 13 11 12 45 5 16
50 240 8
24 18 618
50 38 211
41 32 1230
34 34 644
48 29 56
46 15 6098
1 16 61
26 36 3485
14 50 1946
25 47 950
42 20 1767
11 21 5356
24 11 3638
4 44 3873
49 41 4703
7 38 2717
8 38 9684
21 13 470
7 27 3171
3 3 6967
5 45 3538
22 7 358
31 30 2170
19 35 565
44 33 206
47 42 2395
16 49 9333
1 19 8847
23 25 8075
44 29 9728
12 33 8874
50 7 6132
11 37 5361
31 7 495
49 50 2180
7 48 6823
2 13 4171
35 13 3341
35 35 1468
10 29 496
40 42 7729
16 43 7637
48 5 2873
11 38 6131
9 36 4932
41 42 3979
14 43 2341
35 30 9704
28 14 9240
46 25 7770
43 17 2261
24 32 8956
11 30 1860
36 42 9497
17 50 2432
49 40 7223
28 3 2618
21 39 1597
25 17 5712
18 12 6686
38 6 6952
2 29 1736
8 41 4465
18 26 9556
18 44 3858
50 44 3197
26 21 7102
44 44 3390
41 20 8108
3 37 20
41 25 2325
46 28 9106
32 35 1646
49 4 9172
7 21 517
15 21 7911
34 17 2088
27 9 5730
47 18 5084
33 40 1124
9 17 6821
36 23 4254
22 22 2504
26 44 311
46 11 8327
42 15 3957
10 5 8133
19 37 9579
38 21 8664
27 48 822
45 21 2808
20 26 6681
41 30 956
34 43 5404
46 21 9523
20 12 6390
29 24 1696
12 42 2733
44 31 8853
8 7 8802
30 3 5573
40 22 2950
22 12 6479
30 47 6672
45 10 7913
6 50 2241
31 46 1054
22 31 9447
2 35 6504
10 39 736
13 12 7775
34 12 7848
48 44 8878
14 38 9411
23 3 5368
24 46 9949
22 1 1772
2 48 9274
38 3 8835
29 39 8999
40 16 1335
4 15 5732
49 45 5925
16 10 6365
27 35 4717
47 8 1663
14 19 2984
13 45 2921
17 32 2699
7 32 7891
23 17 1446
39 1 9844
35 28 2461
44 43 4489
28 13 1885
38 26 9231
18 41 4701
2 3 9445
27 27 1775
10 20 1749
28 16 4739
28 12 9623
8 23 4417
2 12 5796
14 48 6433
41 31 4803
31 32 9804
36 27 431
7 5 3758
34 15 1327
34 44 6695
25 22 1906
49 31 5931
18 32 8092
42 48 2787
21 3 1256
8 31 8040
1 47 2601
30 32 4394
25 7 6167
34 7 8899
15 24 7231
7 37 5928
49 36 5067
22 38 4389
25 45 7096
7 35 6509
44 37 7108
47 16 641
44 41 1849
13 24 355
13 38 3280
44 46 69
5 43 6767
43 33 3343
50 25 3990
1 42 6525
42 37 3567
41 1 5161
7 28 6350
32 23 9856
24 40 5548
8 33 7386
37 35 3410
29 30 8122
29 23 4648
16 15 8460
9 16 3621
38 47 1077
17 49 9460
40 5 1133
31 6 9543
16 42 2729
50 5 6257
31 27 3587
5 27 2656
22 26 9550
39 47 5089
35 26 5906
35 38 7347
39 24 9827
46 17 3042
40 48 5843
46 5 4675
22 44 2530
1 2 2395
43 23 7073
22 36 9096
33 37 5690
24 10 1870
19 26 4912
9 3 6378
34 27 3871
14 27 373
12 21 7597
35 17 260
8 4 5708
42 17 4554
12 37 5730
27 45 4554
35 49 7285
18 27 1156
34 5 7881
47 27 1831
33 45 8443
2 47 9597
39 13 5895
3 50 7977
29 46 2532
25 26 2666
29 8 7112
45 2 1833
35 50 2336
33 49 6833
24 38 9997
19 42 5646
47 20 4043
31 34 6391
48 17 965
44 32 9147
1 9121 7192 5 7 29 4 44 11
3 6476 1583 42 24 2 35 23 50 4 18 30 39 9 29 7 24 4 42 20 35 42 22 9 34 26 15 12 30 10 22 34 36 7 27 12 10 11 34 10 16 1 41 6 12 20
12 5984 2422 6 4 9 47 26 17 32
34 4394 4331 43 16 17 31 24 43 42 33 3 27 42 20 29 33 25 40 2 39 27 26 44 30 34 42 7 1 23 10 36 17 41 30 34 10 10 7 2 3 41 7 31 33 26 12
17 5952 1950 20 41 27 45 36 9 28 27 17 30 1 26 17 19 19 47 2 28 8 10 29
11 4099 2386 43 34 13 4 2 17 7 23 7 33 17 42 43 47 20 10 28 20 35 45 38 3 43 41 32 50 2 11 12 3 47 5 37 11 8 40 27 14 13 35 49 31 28 41
29 9451 2696 9 16 39 3 5 41 45 47 23 46
48 7757 6434 1 33
50 240 8
12 39 1645
21 30 1173
37 42 3160
35 25 5837
27 5 8534
29 13 3651
17 17 8356
9 13 4104
33 9 8552
19 18 4854
4 29 5942
49 1 9371
24 37 1365
34 21 7741
22 50 7295
8 28 6660
9 46 5926
17 6 3589
22 41 8099
26 9 366
30 12 8246
22 12 1296
45 38 1783
10 21 7105
3 44 2454
1 1 3633
11 10 3178
37 26 9386
28 49 5776
27 24 5134
45 3 5548
41 26 2309
38 21 9296
21 32 9669
28 35 2912
33 35 3913
16 47 2674
47 33 7551
33 13 2650
9 41 9225
45 36 9428
43 26 8255
5 13 2375
3 35 2209
24 13 9145
37 47 6831
2 14 1927
28 10 6711
29 44 4773
31 2 564
7 49 4449
37 41 1026
42 47 8889
20 2 8875
29 25 1739
36 5 1015
2 34 4242
11 45 5021
5 19 4801
8 35 3807
6 36 4945
49 12 7987
47 3 9756
48 29 86
23 20 3209
37 8 9515
3 9 7748
45 19 9044
16 25 5114
20 33 1748
29 40 9183
25 38 3997
14 35 7699
22 34 6629
8 8 7299
17 45 608
34 47 7366
34 43 2286
28 11 5261
43 30 8895
41 10 8234
27 34 8074
24 49 6210
25 20 1793
2 4 1444
48 14 2027
46 30 3062
38 16 6790
33 29 1575
25 39 6162
3 24 4236
28 23 446
3 42 8591
7 21 9942
12 15 7991
25 45 5486
6 7 8474
23 47 4373
5 29 8907
45 41 3959
20 27 5487
42 25 7541
36 19 4047
8 11 1360
22 5 3736
18 41 8541
25 17 4413
23 43 2966
4 47 3095
11 43 9385
15 11 955
41 2 8142
9 49 3649
22 11 5272
26 47 5040
18 38 2366
35 4 7688
44 25 1116
5 28 6427
22 40 5525
49 22 398
41 39 4688
7 25 9743
47 1 7764
41 27 8881
46 43 2087
25 21 1557
15 5 7319
6 32 1642
47 7 3088
49 5 1859
50 47 2700
40 3 2476
33 50 6077
49 42 5555
32 37 3398
19 14 4020
26 28 2024
46 33 1905
40 31 3664
29 30 6220
38 31 967
40 20 269
17 4 4520
46 4 6711
1 36 3100
1 4 8113
41 48 7776
25 3 3117
46 36 3739
36 18 4706
44 49 8187
48 10 7990
33 10 1190
38 23 4763
17 15 360
15 13 3447
34 10 7932
23 45 602
29 22 9690
6 14 8584
6 4 2081
16 44 6565
27 36 7802
50 49 5821
16 11 7967
7 28 6879
6 11 7339
40 35 9635
42 15 406
33 22 1470
17 28 7073
50 43 7018
15 19 4505
17 20 6756
40 38 9366
8 46 2543
37 1 3805
28 40 539
14 32 3803
22 14 4925
42 32 9752
17 31 7196
35 45 2916
41 13 686
47 5 2223
19 9 8199
21 14 277
10 6 8342
36 8 7436
40 24 4568
36 11 8912
3 1 7327
41 49 9281
16 13 2742
36 23 7293
6 39 3922
15 44 8616
8 4 5430
13 40 4889
13 20 318
23 35 8572
25 14 7512
39 15 1011
34 20 799
7 36 7544
8 40 7093
9 22 4808
30 40 5732
14 12 1109
27 26 2583
23 5 3872
13 19 1236
47 38 8387
33 27 7067
33 32 4874
24 25 1384
15 35 6217
28 48 7326
7 24 9909
29 28 134
44 47 1370
42 36 6109
44 22 3528
26 3 8402
1 30 9787
46 14 4601
31 29 6858
39 2 6768
18 32 3254
13 28 976
4 13 7085
30 22 7101
7 27 1855
8 6 7994
5 21 8947
36 4 328
17 18 3581
36 49 3187
50 28 4163
3 8141 7601 3 17 33 27
18 902 638 26 48 10 20 2 32 18 39 35 46 5 49 14 22 32 2 22 20 1 1 35 6 42 36 10 9 18
36 6508 2577 40 3 8 49 23 10 31 42 50 17 37 4 17 2 27 49 5 48 20 6 48 6 13 42 44 22 50 11 10 29 21 49 32 29 50 6 40 30 47 39 48
35 9614 9142 38 19 15 43 19 36 48 18 41 10 9 34 33 10 47 44 39 17 43 22 47 42 27 36 23 25 25 20 9 19 36 46 37 50 38 7 35 37 25
28 6247 3982 11 33 45 9 26 33 26 20 6 24 13 32
10 7257 1484 36 7 16 4 44 13 40 44 3 49 30 41 23 7 39 7 20 23 1 28 48 35 5 18 40 29 30 23 40 17 30 25 25 47 28 18 10
19 3263 2162 17 45 4 39 3 44 48 22 16 50 2 14 35 8 33 26 36 14
49 5381 1176 30 1 6 27 30 26 38 49 40 1 17 34 6 8 37 50 5 10 15 4 13 30 40 21 12 16 8 26 16 35 7
50 240 8
45 37 8964
23 17 4891
10 15 2980
12 33 2616
20 40 6854
19 44 3815
33 50 3078
13 39 3448
26 6 3657
3 21 8691
10 18 7828
26 40 5596
17 2 7612
49 15 5444
15 34 9634
19 4 6379
35 37 2828
13 1 117
13 28 4922
20 31 2895
14 42 9562
44 17 3403
40 35 9406
4 33 2173
48 48 6856
34 18 810
14 2 3148
42 16 2450
11 30 5929
36 2 8009
31 17 7550
45 10 9868
50 1 3502
7 4 4137
30 3 1684
38 37 2053
50 2 6357
50 45 4024
2 6 8504
32 43 6157
41 23 9323
33 14 5017
35 17 623
40 6 4754
42 42 2094
30 45 6595
33 2 4245
28 27 7048
35 33 9429
27 40 6172
18 19 3846
31 36 6880
49 10 19
4 16 4312
45 40 6507
27 43 752
6 21 4152
40 3 3582
18 42 6106
18 6 2923
4 22 6181
3 33 2552
8 48 3217
3 10 3661
40 38 1970
48 9 6122
39 11 6056
7 5 2162
24 10 1437
12 12 8043
33 45 2347
17 48 8854
16 15 6458
25 28 3401
43 19 3339
48 40 1206
10 48 1362
14 13 3687
24 50 6548
35 43 6032
31 40 2498
28 47 3764
44 5 9740
23 9 6935
42 50 2451
9 49 4090
15 8 4490
29 22 7052
19 47 7403
17 33 5798
2 13 6539
50 41 6135
16 36 8542
7 11 4350
44 4 9849
45 12 2947
38 29 5706
28 9 1277
32 27 25
37 46 9857
35 47 270
25 48 3312
12 14 4249
4 20 2009
4 15 3712
5 9 326
4 48 6704
11 25 3264
40 8 991
16 45 5488
23 29 84
45 5 9981
7 17 8944
7 22 3065
18 28 9279
31 32 6390
7 36 8487
13 46 6414
27 35 7221
20 2 1017
8 25 7248
42 19 2452
26 28 5470
22 36 4844
38 3 8571
19 35 9204
9 41 3339
49 3 9386
13 32 8623
36 3 1074
4 11 2950
2 4 8169
6 31 9098
29 3 3635
23 40 7437
44 10 6922
48 21 2414
40 19 619
28 33 1152
1 20 5004
15 28 4427
21 49 1933
1 47 1261
3 34 1785
44 22 880
6 46 9179
26 12 818
46 31 4548
28 35 6900
49 40 327
24 6 6705
1 26 7603
36 29 3952
49 31 3935
34 27 7708
14 32 4755
44 7 569
14 4 7001
37 15 8080
26 42 6053
7 7 2454
42 35 6406
41 17 6693
24 43 754
12 35 3133
31 50 5586
19 19 4677
50 46 6470
5 26 4969
11 34 7423
3 20 181
43 39 3226
18 33 3980
7 9 2194
41 42 976
41 31 408
6 49 778
26 3 4
2 24 6716
37 47 2568
7 28 8562
47 7 4782
29 39 5838
37 33 931
31 10 7373
11 20 9730
11 1 412
13 26 3916
19 29 8742
35 16 4638
19 20 3519
25 2 9247
13 43 6136
48 26 7318
9 1 8380
28 31 4390
3 6 8462
23 34 7204
8 1 1843
13 24 5263
34 45 4339
36 43 3051
1 5 5598
29 37 6134
21 18 4328
26 23 2790
46 5 3560
41 19 234
29 45 3189
23 48 1866
5 49 4870
3 7 9574
31 45 2060
4 13 6388
31 26 4146
8 20 8800
44 25 4004
24 21 7193
12 3 2818
32 6 424
8 38 6821
20 41 9735
10 19 7323
43 47 1470
20 29 5529
42 31 9822
18 36 7245
44 9 2590
47 27 9223
2 3 1783
41 24 2754
32 11 114
2 35 9356
48 7 6827
26 36 718
7 8 7186
27 22 6348
37 14 2544
13 40 497
17 25 9689
43 1620 978 3 43 23 39
49 9594 7071 29 48 30 47 6 39 35 49 44 13 22 42 49 38 38 13 27 37 30 1 26 22 29 49 24 24 23 13 24 44
9 9940 9901 39 1 48 27 35 48 20 50 20 13 48 9 50 13 35 38 42 37 14 13 17 14 38 40 36 2 16 29 11 17 22 49 17 19 27 4 19 49 3 38
11 2951 1147 13 14 32 50 7 20 15 19 38 28 9 28 13 10
45 143 69 13 15 20 32 35 47 35 3 47 39 42 7 42 39
19 5707 1271 21 14 41 35 35 29 15 43 8 29 2 2 22 24 16 36 43 47 21 41 31 23
37 9166 8820 46 13 5 14 22 27 36 35 19 21 19 49 37 13 6 15 15 9 37 40 25 22 34 21 44 25 4 19 13 26 35 8 40 39 24 11 17 9 48 36 31 16 34 17 29 42 34
2 5933 5469 28 41 19 49 37 43 4 5 8 29 39 17 21 29 42 31 46 3 28 33 35 46 18 4 26 11 37 22 13
50 240 8
6 7 3689
48 25 9589
34 20 7294
38 27 5625
28 45 4445
7 37 9325
4 39 3955
38 23 3950
7 28 3375
18 14 2396
32 19 54
23 17 2628
15 2 2247
9 42 6223
34 19 2518
29 27 4156
7 32 8096
12 21 3170
14 28 1498
41 47 7361
39 30 6230
43 2 1948
21 16 7149
19 25 9492
44 10 6361
14 41 3389
20 47 3571
16 10 2741
37 25 8070
35 15 1568
48 3 9397
2 28 9416
17 30 434
43 22 380
3 35 2843
45 25 5815
41 46 530
2 39 4768
26 12 504
42 32 3602
44 30 9281
40 31 6909
8 49 8038
45 42 5011
25 46 8346
18 40 5070
33 32 1717
16 35 7457
34 12 1268
39 3 3000
43 46 481
24 37 5913
33 44 1811
5 35 3963
50 33 2631
41 3 3465
24 22 1182
8 29 3668
19 50 6658
23 2 3250
18 33 9123
6 46 1906
2 9 5430
39 14 7614
3 15 848
36 8 2800
3 31 2821
38 41 6652
6 11 1751
14 34 6202
14 3 7486
37 11 4683
45 12 3691
26 2 56
42 6 9623
41 43 4980
13 17 1184
5 19 1789
16 20 5404
1 24 5917
5 10 1905
15 45 6152
26 38 5829
30 47 9472
35 20 3964
8 25 4963
24 9 920
42 48 1987
13 4 7837
38 21 9291
49 28 4858
43 32 3035
32 13 6814
28 36 3149
47 50 7976
50 7 3402
16 32 3660
36 25 2059
23 39 5862
24 14 8412
18 46 1448
50 8 8262
27 43 7763
26 45 2091
27 1 5493
42 35 9153
27 9 1212
1 48 7074
12 25 9008
17 49 1624
29 18 8369
29 19 4128
44 46 5671
7 23 6017
49 49 7367
44 41 2853
48 19 612
12 22 1761
39 33 5785
49 1 6135
23 32 5853
22 23 9204
19 46 6411
43 13 2061
44 32 3204
36 36 9853
4 48 4067
25 11 1707
10 46 8355
10 32 2980
43 37 5973
46 9 330
41 22 1422
3 33 1765
35 40 6700
20 45 9656
19 14 7782
29 21 2493
26 27 2405
9 7 897
45 30 9151
13 37 9167
34 11 2922
9 8 9978
30 4 5986
50 18 121
28 38 8966
5 16 1371
22 10 3255
25 16 182
37 4 5701
21 15 4975
39 43 533
48 23 462
3 12 3461
41 10 7600
49 46 1719
4 22 9387
38 9 4440
39 31 1006
1 50 5019
24 15 1521
37 26 893
21 19 6952
29 45 1125
29 42 2844
34 23 3323
6 33 577
28 34 1328
47 7 2542
20 43 3570
15 15 4588
19 35 8253
50 32 9378
28 25 8574
14 38 7158
36 13 6534
49 20 6916
28 47 8149
7 45 6407
49 15 3851
19 31 9115
9 50 6152
12 49 3933
42 28 5459
17 41 2449
27 27 2761
32 27 3902
28 29 2508
9 41 9937
30 21 5404
38 22 1556
2 20 1841
43 48 7301
11 40 9750
37 16 8863
47 43 6094
25 4 7104
49 41 3464
44 9 6534
32 31 8090
35 2 6284
36 38 7290
8 1 9324
50 46 2049
46 22 804
45 17 7459
25 10 9569
11 43 1801
3 27 7903
37 6 6455
22 45 97
9 20 5105
12 44 806
3 28 4448
4 49 6445
22 8 3219
32 29 9231
26 31 3333
5 36 3720
44 4 8238
5 25 9695
16 19 501
4 3 9613
10 1 6058
31 10 5629
14 40 4860
40 20 8193
46 5 8265
5 48 8661
10 36 2715
34 33 1682
4 34 3855
19 40 7809
34 49 4011
42 31 9920
23 47 4161
33 36 9481
28 33 2837
46 37 4334
7 2897 421 24 31 6 6 37 40 13 7 29 22 40 29 33 33 9 5 5 5 16 39 42 49 16 24 37
13 6372 6061 19 9 47 44 42 2 49 28 43 13 34 21 34 25 49 16 7 10 22 11
14 5548 3237 8 36 16 31 24 29 45 49 49
3 6594 346 46 48 43 23 41 8 8 13 41 32 12 9 38 21 30 50 36 19 48 43 7 16 26 32 46 22 30 46 24 26 40 20 26 33 44 18 40 4 32 32 35 43 40 25 15 22 24
42 8321 3696 48 37 22 30 34 43 11 29 19 39 19 40 16 3 35 35 44 38 16 25 23 11 17 49 25 40 22 29 31 43 26 31 31 49 12 14 44 22 43 14 12 13 3 27 15 39 13 8 27
29 6700 1831 39 50 49 15 39 20 44 22 15 19 2 47 17 13 13 12 36 5 25 50 19 27 28 33 18 41 40 44 19 23 44 7 25 44 21 13 13 16 36 29
34 7075 3486 3 1 38 14
39 9693 9188 38 12 17 15 46 34 7 35 29 25 9 24 33 33 17 6 48 32 21 33 12 7 20 37 9 22 26 24 10 19 14 49 32 31 14 27 16 22 13
50 240 8
47 47 6221
20 31 4803
39 36 3100
20 7 6483
31 15 9704
20 23 8825
45 48 9835
16 12 6185
47 44 5898
26 11 3970
38 7 5968
9 27 5698
15 15 8536
17 36 4994
50 18 8808
6 39 4982
32 34 6329
19 1 8390
4 49 4485
5 24 4696
27 12 5252
47 22 2530
47 36 9244
33 5 9781
27 4 3251
35 12 2189
19 45 6674
49 15 124
41 20 3473
27 24 1246
25 2 4259
27 48 8733
10 45 9470
4 29 5924
38 6 930
39 42 4191
28 11 885
3 11 7199
29 1 9318
2 29 9494
1 3 1695
12 32 4595
45 41 3891
16 46 8119
42 35 8626
22 23 7868
13 3 3530
50 5 5590
49 33 8790
20 37 321
16 39 8525
13 50 8656
8 45 5948
1 12 9646
23 3 9530
49 27 5205
19 39 2507
49 39 4463
39 39 1197
32 10 6183
5 25 3371
30 38 3373
39 47 8569
37 48 4782
35 20 1584
16 20 2610
21 39 2051
30 37 791
43 28 2381
40 9 6141
26 13 4267
49 44 8456
24 32 3303
43 21 5402
24 12 3621
43 24 2991
31 25 7572
18 18 264
45 50 506
5 43 3283
19 12 5783
14 19 1657
46 22 6099
16 24 1676
38 44 1540
11 37 5571
36 10 7390
35 4 3881
41 48 3516
11 10 9300
24 28 957
21 1 3408
36 26 5084
8 24 3921
1 14 5234
37 35 4721
48 25 9525
22 11 8381
5 3 7428
22 13 3639
24 39 2766
31 9 816
41 47 3191
28 6 2764
49 8 3878
33 44 6914
6 44 989
32 15 5751
13 21 9404
43 44 2318
33 17 2956
1 49 2317
18 40 813
11 17 1018
28 17 2775
8 2 5270
24 7 5263
13 40 6129
17 2 8102
21 45 8345
39 29 2512
48 29 7910
15 48 4301
30 9 417
48 38 9236
25 47 9639
45 20 9995
11 35 2535
42 1 5638
44 21 6734
40 11 9462
2 10 2941
14 24 4338
16 3 3198
35 2 8637
21 26 4533
10 23 505
8 33 1189
45 24 5041
33 20 8761
18 9 3723
34 25 9574
9 16 3939
14 16 5074
15 4 1796
43 39 8158
17 44 4515
1 35 9759
26 26 6993
45 39 962
3 15 4394
14 50 7118
39 8 533
30 23 3499
4 40 1454
3 32 294
11 50 9640
26 50 174
37 25 2102
30 20 9142
7 39 1237
6 9 3777
14 43 256
13 27 8849
15 10 9143
25 9 8783
33 13 4768
4 5 7562
17 12 4842
32 6 1451
22 49 9613
48 48 3829
8 41 9553
16 27 356
24 35 9645
16 13 2752
31 39 5565
35 7 5582
46 49 1365
1 50 4936
1 15 4886
48 44 3443
41 49 2510
17 5 5133
3 2 1792
1 20 3656
5 2 8997
21 36 5403
5 32 6651
22 34 5703
18 47 7481
12 40 7623
10 50 1241
44 20 8329
46 39 1986
1 40 983
46 42 5092
6 26 9460
4 10 2673
43 35 7932
45 27 4650
32 20 6120
9 1 9267
1 34 3437
28 22 2813
36 14 8760
29 6 2568
7 18 9121
16 43 8216
2 28 6010
28 28 6693
50 48 5705
15 9 9408
34 11 4093
23 38 5165
36 25 8330
46 3 6587
14 11 4305
38 26 7399
4 28 8426
16 7 4104
4 16 1371
20 27 7910
37 14 2536
17 10 8439
4 25 8099
11 12 8777
11 15 1706
15 41 989
21 47 8207
42 10 4832
49 34 5551
25 46 7787
39 33 8353
50 24 1859
26 25 9669
38 4 4879
19 36 9726
11 27 3946
7 34 5889
17 5468 1337 2 22 15
47 5159 2304 29 15 6 2 26 31 27 46 18 30 27 24 42 45 9 20 8 37 16 14 21 7 32 41 47 33 12 11 32 23
10 6371 337 14 15 2 42 10 22 23 39 47 16 35 5 35 42 41
2 4412 1655 9 39 5 5 22 17 17 5 39 33
14 8477 3353 29 43 7 20 4 30 45 42 26 10 27 32 45 20 25 48 25 39 6 14 44 12 37 10 28 41 50 12 6 30
35 6973 4425 6 29 5 50 23 31 12
1 6507 2361 20 36 5 47 25 11 12 20 24 50 31 4 40 30 15 47 11 32 33 36 7
41 4666 2312 40 39 43 1 39 7 10 10 42 15 6 18 27 19 37 50 18 17 3 9 49 20 6 11 3 40 49 11 30 15 23 20 3 16 22 43 22 32 4 15 48
50 240 8
10 35 9773
28 23 8372
48 42 9577
6 42 4396
11 4 6248
3 2 9558
32 16 1532
3 20 6497
27 14 5870
10 18 1987
7 29 4273
30 6 8895
4 5 1838
33 11 2579
31 23 9735
31 25 3486
39 7 1204
22 9 2923
21 37 139
44 46 6506
31 2 8184
6 33 8291
1 39 196
42 21 7256
23 2 3428
8 32 8805
45 23 8261
1 46 4871
24 18 8808
15 11 5605
21 43 9607
5 48 9641
49 1 7729
45 42 6152
3 14 9305
33 24 3436
38 18 7160
1 18 5657
23 43 5425
33 8 8685
38 30 130
47 37 1327
39 35 229
20 31 5970
22 33 186
27 15 6259
16 3 4028
28 3 4697
36 27 7541
13 9 6348
48 49 6680
30 45 4016
8 35 3000
31 12 3029
15 48 8808
29 9 8023
31 39 7102
36 36 1839
12 27 2001
2 21 357
31 17 4373
40 4 3725
29 10 257
40 41 9421
39 49 2801
47 24 8084
35 27 3919
22 16 6532
48 18 8254
25 19 6076
34 1 245
9 41 648
36 19 3959
43 10 299
16 48 5448
20 46 1323
4 32 7949
25 3 2767
7 50 9586
7 40 5659
7 35 7420
47 35 2905
17 46 5000
26 48 2867
25 48 3536
20 21 8641
1 21 7665
3 40 3222
5 26 9737
31 32 5976
42 38 8813
12 37 8649
18 5 2445
18 31 9244
37 7 1491
24 27 5061
34 31 1481
25 5 385
50 42 6617
33 20 4860
23 35 4172
9 35 2741
15 32 6310
47 26 2746
4 17 9071
30 30 7686
8 16 318
39 40 2524
26 40 4467
43 24 2386
6 46 5471
28 6 7205
21 21 4088
14 29 5769
32 1 6398
13 39 8958
28 7 6646
18 33 7424
9 50 4818
32 36 7073
30 9 3500
35 16 5372
3 24 3416
34 43 1249
34 44 1762
22 2 4239
30 50 4958
12 24 4068
11 43 1902
32 7 68
41 23 3525
46 46 3293
29 38 895
14 33 2657
35 34 3248
14 34 4559
27 7 8627
37 1 529
34 17 9660
42 35 5026
1 41 4571
46 34 8049
35 29 2362
49 3 2786
14 38 7345
40 47 2324
28 47 2854
14 13 2514
5 49 3892
20 26 242
10 47 8339
44 49 8024
24 13 943
12 12 8645
50 27 8383
47 19 8479
21 46 8427
25 11 5740
42 16 9540
36 35 2565
29 45 162
20 40 8512
44 15 9224
39 26 7837
15 20 3272
33 1 8343
30 28 6267
41 20 9410
8 11 6446
44 26 76
40 40 2045
29 2 8391
46 29 5679
21 16 1613
48 32 8634
22 14 4134
15 46 4414
34 45 544
44 43 387
20 19 5227
8 13 207
3 43 5886
26 8 3852
25 40 2486
46 5 2973
13 2 7387
33 17 5837
21 38 9255
50 48 1071
7 12 1278
12 4 3517
37 14 7369
13 3 6207
8 9 5532
22 11 2919
20 49 7092
13 32 7258
2 4 4247
7 3 9994
31 11 6708
11 24 411
28 12 374
49 24 5928
9 34 4939
41 5 1449
13 25 9999
5 39 4782
15 40 6185
12 48 2139
8 28 7552
16 39 2225
30 18 8687
6 17 6362
37 25 2145
26 17 6852
27 29 3376
26 33 6916
9 49 605
46 12 6402
36 20 1732
40 37 1520
15 18 8339
4 24 3207
19 10 2331
16 37 3948
18 13 7328
46 38 6861
12 19 4443
24 22 2180
45 6 7469
33 28 1335
1 17 241
26 25 5509
37 8 9274
23 8 6244
35 37 6589
24 50 203
22 17 3135
45 49 5181
50 20 2414
27 7716 1106 44 48 44 20 9 30 27 36 2 35 32 38 23 21 11 22 24 34 34 48 2 20 42 50 1 42 19 17 18 26 35 13 25 28 32 36 7 9 21 10 45 2 47 17 24
10 5939 5099 45 23 47 47 44 40 48 47 31 17 13 1 44 48 15 20 27 47 5 34 7 27 45 3 30 44 21 6 5 10 7 49 32 3 45 28 44 43 24 25 11 36 27 6 35 41
12 9188 6083 47 47 12 41 49 42 36 19 49 40 28 5 39 12 9 35 39 2 29 12 28 39 49 4 46 36 47 25 47 37 8 43 34 19 35 32 12 21 3 10 10 30 16 50 43 24 35 33
28 6812 5595 5 4 45 11 1 32
9 9974 9077 45 32 22 28 1 8 12 14 28 14 24 40 45 41 39 40 15 25 22 42 38 18 48 43 14 8 43 45 18 18 24 13 1 47 42 3 4 3 17 34 16 42 23 13 32 13
2 8897 6237 25 41 25 44 39 19 7 48 11 3 16 30 28 30 31 24 21 35 28 24 1 11 41 44 35 5
26 746 5 23 34 31 14 10 26 4 28 33 1 41 37 18 20 15 47 2 40 18 37 17 43 39 29
35 9882 5212 40 8 10 47 32 45 29 47 5 5 2 34 39 3 24 25 22 46 41 19 47 31 38 33 49 30 24 30 16 6 42 5 15 3 4 48 50 32 47 6 36
50 240 8
48 39 6725
50 15 6452
24 10 3292
42 6 5224
31 41 6325
12 14 6104
27 21 7447
34 35 1102
37 34 4051
20 30 1056
8 28 6546
33 29 4810
35 2 1919
28 45 3625
4 25 3667
29 36 882
35 15 5152
35 48 6088
37 36 9223
40 5 1053
46 12 2282
44 45 560
5 29 4914
26 8 9960
3 14 635
20 44 6122
2 29 636
6 15 8185
46 1 7170
20 40 6175
23 37 8288
5 30 7532
17 36 3063
33 12 8172
44 14 4437
31 34 1831
5 37 9161
26 29 6139
26 2 9758
17 29 782
3 17 7736
34 2 7955
20 17 9439
35 44 6328
17 27 4511
22 16 24
17 10 3899
45 49 7326
48 8 2842
28 40 3096
47 29 4579
50 36 1298
18 27 9178
8 12 4122
38 28 2050
49 1 9767
23 17 2876
24 14 8477
50 11 3836
44 41 9977
42 37 207
24 36 8392
22 3 8721
3 12 3582
27 50 4111
29 50 8512
47 25 1030
23 48 5043
2 50 6506
38 45 1196
16 37 9532
23 10 2169
18 33 6473
39 35 4334
23 13 8433
34 42 5985
48 38 4309
29 12 3656
6 28 6802
1 26 1717
39 8 6840
10 34 2151
48 19 6486
20 33 1271
3 24 7256
3 13 1565
31 27 5222
2 42 9279
32 44 1281
7 14 4571
17 6 720
47 15 1654
49 12 2124
37 33 3708
8 37 3684
17 39 5446
32 21 4324
6 25 5067
38 6 2613
19 14 1876
43 32 683
15 29 6197
19 29 9710
45 15 9744
4 22 2580
38 38 8421
36 22 9441
13 29 5565
30 16 3222
45 37 3686
21 29 3169
6 43 4647
28 15 2409
42 11 8864
16 42 2651
5 13 4589
26 6 7203
5 22 8532
22 44 8827
8 32 7349
36 2 6555
31 1 8309
46 29 6126
37 20 7636
30 23 8443
44 12 3518
50 17 3274
21 50 4698
16 29 9705
48 30 193
49 37 6073
27 25 9152
15 44 6788
45 17 5231
38 30 5102
39 47 4728
11 48 9426
27 28 5484
26 9 5677
26 48 8102
26 46 2422
7 24 1046
9 38 9192
49 34 3158
33 22 6589
35 12 337
15 23 9286
42 1 2263
26 26 5674
5 1 9721
7 28 5418
42 27 5193
43 15 7478
25 36 420
11 49 757
25 23 44
18 23 8659
45 48 4333
49 50 406
25 37 2212
16 16 3758
47 36 5100
11 17 526
48 37 8786
48 44 7312
21 40 9180
43 50 2576
43 35 6827
44 42 6385
23 36 4785
40 46 6031
25 46 5793
41 22 2792
29 10 989
23 22 1661
14 4 504
15 31 6848
50 10 1241
43 45 2014
10 19 1351
45 10 4446
28 35 8993
23 27 4066
15 8 7925
7 32 5448
18 45 2152
35 24 5860
46 16 552
40 32 8961
9 35 8508
36 4 3027
9 33 7093
25 40 1370
33 21 6818
23 28 2825
7 2 8685
2 19 5589
44 2 4551
12 23 4669
49 7 512
2 12 9565
24 32 8317
42 5 9795
18 13 846
5 17 5416
18 48 164
5 9 8886
15 22 215
27 15 6898
30 28 6463
34 47 4264
31 16 1079
27 22 7595
45 16 1956
12 15 8472
16 25 7358
41 34 9325
4 28 1248
36 5 7711
42 15 5196
27 5 2160
8 49 445
16 10 960
38 25 6536
48 15 4319
20 29 3104
18 16 6660
47 9 8006
3 21 4960
31 28 1809
27 43 4070
39 32 1547
25 29 5061
47 4 8541
16 32 7997
36 49 4658
19 5 8135
48 3 9045
4 6 2115
17 38 1292
28 7013 1236 50 4 18 47 29 48 11 27 1 2 44 34 49 29 32 9 49 37 46 47 41 43 2 46 8 20 36 2 47 1 40 47 5 9 43 35 7 5 11 7 6 4 43 7 35 24 17 33 12 15 31
3 9182 7106 50 15 4 35 18 1 36 8 49 42 16 43 26 22 48 38 31 3 41 23 11 27 46 28 12 10 44 42 12 50 26 11 14 32 48 34 32 33 41 32 24 8 24 1 32 21 38 12 26 30 36
38 9058 4882 17 20 42 10 13 3 10 41 16 25 22 13 8 5 47 50 36 20
8 4921 4108 39 32 9 50 9 40 37 46 48 19 13 17 11 24 32 15 33 24 30 10 45 44 17 1 40 17 36 11 26 46 32 14 29 42 15 37 32 1 35 29
19 4247 1398 31 22 31 46 7 4 27 16 50 21 34 50 10 50 35 23 27 32 4 40 11 48 6 49 29 6 33 9 27 33 8 9
5 8637 7353 13 41 33 28 40 5 11 39 16 13 25 38 39 9
44 1870 1230 41 36 19 21 44 4 29 22 36 37 30 42 24 36 4 17 18 33 6 22 44 47 37 8 23 27 46 31 20 26 1 10 14 22 30 7 25 10 28 12 46 9
6 7393 6221 11 38 13 44 45 34 39 43 23 46 16 49
50 240 8
41 46 1969
19 49 8678
34 20 5909
42 44 5720
21 7 4418
29 12 639
23 23 2928
35 16 7074
21 4 9517
45 1 7082
45 43 4479
14 13 7227
44 46 5096
5 37 2441
25 7 3248
43 38 7859
34 10 7433
12 46 6250
37 18 8755
6 12 5055
38 6 9248
17 21 6660
45 14 5156
43 18 3944
35 45 4703
33 37 8290
44 23 8451
30 34 9596
30 22 4516
38 27 8729
43 16 1937
41 35 6107
4 31 2623
12 23 7392
6 7 6136
9 41 9625
1 37 8497
2 18 2032
1 49 7306
17 36 3834
46 29 8700
33 21 2734
43 24 3164
39 8 6642
48 47 7002
40 22 5653
28 19 2754
7 44 656
23 31 4491
21 11 9543
5 32 8629
49 7 8145
14 44 9583
24 36 3230
20 38 2620
41 43 1849
11 48 3394
11 6 7739
20 31 5069
13 1 3330
8 7 9713
37 6 1719
32 21 1062
17 44 3399
48 13 6387
20 5 1379
19 15 5478
15 26 8086
4 47 416
26 11 1468
8 18 9474
21 6 7831
42 37 3502
7 5 9897
6 4 7510
45 23 1864
27 44 4279
7 43 8863
5 9 6040
15 29 6547
34 6 3119
39 37 1410
27 41 3468
31 39 2574
35 1 770
9 17 6698
4 48 8105
12 4 3949
27 10 210
17 26 7938
16 9 1493
35 49 9232
47 25 6824
16 8 7962
15 14 6803
32 13 9507
29 20 1670
35 21 2696
44 31 6114
22 22 6079
30 17 5515
29 1 6361
5 26 676
14 40 269
34 11 9087
48 18 1817
17 40 2851
39 36 4297
20 2 9768
43 31 4949
11 46 8679
12 9 7584
39 38 2999
28 7 3958
34 42 5368
21 41 2637
39 7 1576
42 48 9563
39 19 3664
9 11 196
9 23 2243
40 34 7003
24 22 2440
26 2 4499
34 35 3542
34 43 7445
42 21 6636
39 34 6477
7 50 6085
19 48 6995
42 41 6585
25 44 110
49 37 6635
2 36 7118
36 28 9321
43 13 513
40 5 9633
27 43 4668
4 50 9719
41 18 4966
39 11 2456
3 36 9835
39 22 2588
26 42 8275
5 16 5068
18 31 2009
22 17 9235
16 37 9290
15 7 5431
35 23 1271
45 32 7344
32 34 6231
19 24 5402
9 1 4396
35 5 9063
5 22 4243
10 2 6510
47 42 1826
3 25 8012
27 46 6609
8 42 8842
14 18 2327
22 18 6723
6 23 5786
10 46 6382
42 25 2902
40 18 1080
44 43 5445
23 40 2054
32 32 7248
25 5 4511
44 32 2783
12 8 338
36 46 4950
31 28 2275
25 22 7901
29 13 1118
10 9 62
7 31 9652
11 12 3583
9 38 4439
23 32 7622
6 43 7529
46 30 5927
48 10 706
23 37 3629
24 15 2292
45 24 5252
7 30 2532
9 42 1595
44 3 9833
33 25 5614
6 32 6308
37 29 337
14 27 8948
21 1 8534
50 27 8349
44 21 5824
36 50 1925
29 2 1758
14 28 3724
19 11 6384
5 42 3073
19 20 8373
41 20 3260
42 46 1609
38 16 3785
33 45 191
44 40 3111
45 50 8024
25 26 6342
35 10 1947
28 35 7117
47 8 2559
17 18 5550
14 29 1087
32 17 4422
26 10 8086
7 3 3675
25 43 6823
50 37 8359
11 36 9187
45 3 8983
4 14 101
16 2 6505
47 18 927
24 28 5365
30 30 9040
49 29 2766
43 2 267
30 12 7927
15 49 1523
30 33 9485
1 4 8254
49 22 5533
22 1 899
1 30 6291
9 44 1211
26 23 6072
10 39 5341
12 5888 3943 18 43 42 39 29 13 39 28 15 20 19 15 30 27 8 42 5 32 16
19 5743 1288 26 47 6 16 40 19 5 33 36 49 26 24 27 40 14 6 6 34 25 20 13 3 30 4 9 11 22
22 8909 530 16 7 8 23 24 47 41 28 31 27 29 8 50 7 47 16 13
2 2000 138 23 13 43 4 19 2 15 40 25 47 1 42 5 10 14 29 8 5 8 38 33 36 47 34
45 3798 3394 7 48 49 47 20 14 39 24
34 4741 4489 25 17 36 25 10 41 36 24 21 43 30 28 32 12 16 28 45 10 22 46 18 19 44 14 40 9
4 6214 5041 48 6 16 16 42 42 25 34 27 50 6 19 29 33 50 42 48 29 39 9 2 34 26 22 29 41 12 38 47 28 29 44 34 47 9 27 38 35 12 15 35 17 35 15 49 35 9 49 15
47 8516 2806 32 35 38 10 25 1 47 23 31 28 16 14 24 26 40 11 13 1 27 49 17 12 13 17 48 23 15 12 21 22 30 2 6
50 240 8
20 12 8831
20 10 654
50 39 8071
15 12 9547
4 25 7609
6 1 507
24 14 8221
41 13 7146
5 27 8416
28 6 7118
33 25 1731
17 47 5992
21 48 8681
42 13 2594
41 18 3518
2 26 3221
11 49 2436
33 39 8549
31 44 4325
47 21 4632
17 6 6409
50 22 3657
43 44 954
26 37 5918
20 30 6438
41 31 8013
14 42 6561
50 26 1100
46 28 5253
18 13 1120
25 22 5069
48 29 1363
41 35 6338
30 6 260
9 44 7700
41 9 1065
32 20 6866
9 22 7569
16 19 2596
20 39 4960
40 13 3733
11 11 9811
25 3 9548
13 32 5203
25 40 3648
27 31 106
28 9 124
2 30 7289
22 28 9708
10 39 3247
23 22 8208
33 36 884
35 34 3546
19 39 9173
50 42 6546
42 6 2375
2 32 5028
31 21 500
8 30 3561
34 20 4238
18 5 5122
5 40 5021
25 30 4194
46 26 5365
37 33 4092
40 14 9121
22 34 5973
32 15 9534
29 46 7168
48 36 5937
4 9 5543
45 32 3967
26 28 5501
45 23 4176
12 12 2160
7 3 6873
28 25 8308
26 35 1683
21 5 6333
6 45 8388
16 38 2735
49 8 9460
8 3 36
21 14 2196
27 16 5421
32 6 4996
7 43 3032
27 49 5717
35 43 457
2 31 3192
1 40 9005
30 48 6714
32 36 8036
47 34 713
13 5 2920
6 38 7928
3 45 5270
37 23 4818
6 9 2511
13 11 243
6 13 1982
32 27 2073
17 15 8819
50 30 6633
40 43 1828
44 39 7098
32 12 8268
37 20 7131
49 30 3726
6 44 5708
20 36 1641
48 11 5209
11 42 617
16 44 4606
11 22 3651
49 22 784
12 41 5370
32 24 570
13 1 9578
9 11 1397
44 3 9095
6 12 707
1 4 139
45 12 8551
16 15 7002
40 49 6113
32 21 7396
5 44 2011
5 22 5919
16 21 214
20 16 3321
10 7 8525
14 49 7371
27 50 4536
44 4 2527
44 20 6908
17 18 7515
10 29 5369
33 50 5236
3 16 8757
41 45 9048
47 20 4463
42 47 4879
35 2 3758
18 47 2038
33 8 4868
4 40 9970
41 44 1637
50 12 6626
40 9 5674
39 28 137
33 21 2328
16 33 9009
46 3 6028
12 17 3291
34 9 3034
21 8 1998
47 48 9056
21 36 9085
6 41 8652
9 8 1134
19 3 7538
49 46 2333
12 48 5644
28 38 1122
48 45 3120
47 44 2176
19 31 1262
31 3 719
29 28 40
49 32 3930
49 29 6263
10 28 8259
39 16 9888
26 40 2788
23 13 3584
18 39 4302
1 3 1432
5 9 154
34 1 2004
17 33 9952
45 47 4562
22 6 2650
39 47 2528
29 35 50
43 19 1519
33 23 3869
36 8 6473
12 14 7983
16 48 9533
22 14 1366
24 11 5814
36 34 8521
39 25 1117
17 5 6501
19 47 1821
40 29 7796
10 16 5203
35 27 2616
19 44 1915
4 15 8231
22 39 6891
36 26 7076
1 27 481
5 31 3501
3 4 4393
32 50 2802
47 5 388
26 24 9606
21 39 1062
34 26 7362
22 1 4439
42 9 4399
49 41 4253
1 45 8646
32 46 7800
31 1 4540
6 24 499
26 12 1561
13 34 1796
38 48 667
41 39 9399
9 31 9110
1 15 4130
47 13 8912
43 15 7594
43 6 7899
27 29 3415
14 29 7311
31 32 7092
43 10 9745
42 22 1656
36 36 9250
28 43 3501
14 19 8890
28 50 6201
2 45 5302
33 38 4144
45 35 7002
24 45 663
12 8344 6190 4 46 38 3 25
15 3593 1165 5 43 45 7 5 16
10 8699 5867 44 39 14 40 23 17 28 50 42 22 13 5 16 6 9 13 45 11 38 9 28 31 13 23 27 21 27 42 32 26 12 26 16 25 17 38 43 45 40 37 18 4 41 36 9
1 8797 854 13 35 13 41 17 28 13 43 48 41 37 30 19 48
7 8623 6683 23 24 19 19 13 5 37 18 47 24 29 48 21 33 12 6 46 2 24 25 16 17 22 7
5 1902 1176 2 11 10
27 9584 283 45 4 49 1 42 17 48 15 45 47 36 27 8 43 24 12 16 48 27 34 22 35 38 26 11 41 37 23 18 22 7 12 25 6 13 19 22 12 33 16 8 20 44 15 12 18
28 3166 1879 5 13 40 41 1 16
50 240 8
2 43 7601
24 10 4322
32 22 3148
37 36 9268
8 47 4853
25 6 7222
19 22 3886
38 50 2117
6 6 8279
46 46 5831
11 49 9324
14 22 4635
38 4 8108
38 42 8743
7 50 1141
10 26 448
34 46 9620
20 35 3819
39 41 5524
19 38 6421
2 50 6670
28 13 3343
14 50 396
22 39 5740
18 45 5841
11 6 9216
10 40 7262
30 11 48
1 50 4390
27 20 9677
48 23 9776
18 3 8640
12 16 591
10 39 5130
50 8 7876
41 21 7332
10 30 7071
24 11 3683
22 13 6582
13 39 3103
40 38 2726
19 6 3830
9 19 1995
3 28 4385
33 30 9745
9 22 9215
41 31 9596
14 4 508
48 28 5770
32 40 3610
38 31 4097
16 1 254
46 12 9072
43 14 7300
30 46 3381
3 42 2998
34 38 2761
39 46 2560
16 18 5294
7 28 1131
40 28 6046
44 1 5106
36 14 2406
15 11 2139
42 17 2591
33 15 3026
23 28 3617
20 41 8232
40 35 541
19 18 8480
46 16 8819
30 9 3322
36 44 1637
44 10 4898
33 3 4816
26 36 7732
3 10 3409
20 29 4351
4 18 4235
45 37 1602
27 34 7719
49 13 8627
21 48 4122
8 41 2034
8 25 9936
24 1 7323
8 5 6932
20 24 4713
21 29 6032
9 26 9868
13 2 4704
33 50 7516
10 22 6116
39 34 7604
15 36 4928
22 40 8212
41 15 2925
12 43 5310
22 18 1530
34 22 6234
16 23 103
26 45 6219
30 28 4763
13 34 5677
50 39 7726
4 5 6997
14 26 1566
45 10 3589
29 25 7762
32 2 4806
3 13 7081
33 42 1844
47 26 7522
49 39 6623
37 17 8714
42 21 419
41 36 8946
7 30 405
47 11 4032
11 44 4985
17 49 2548
42 44 2630
17 18 3728
8 43 7315
9 48 2628
49 34 7926
7 15 8332
5 27 8716
15 23 3701
33 21 6249
32 3 3341
28 33 3209
47 12 5368
40 29 7544
44 29 5886
29 5 3294
44 39 6799
22 5 6865
44 7 1948
14 6 1831
16 49 2008
1 11 2705
14 31 6896
44 27 6944
32 21 2324
20 49 9278
14 44 917
15 16 1271
33 9 5327
33 23 1985
16 40 8335
25 42 4247
32 5 5528
30 50 704
26 31 1676
26 30 1467
21 47 533
36 21 6465
45 50 7049
19 37 9465
10 25 241
2 22 74
4 8 8056
29 38 9732
10 9 5656
31 6 6189
18 28 9007
14 29 6056
32 16 1873
42 40 2114
43 11 2188
50 13 8991
9 21 2171
47 5 7700
38 15 1209
46 47 9966
37 16 5243
22 3 4812
39 28 9553
28 43 8897
41 33 5049
3 27 6907
25 48 3755
29 49 1144
40 41 8625
29 9 220
24 38 5291
28 50 9432
10 50 1202
4 6 6457
14 30 6207
8 16 5102
17 5 3295
42 35 7203
12 9 5142
5 36 7893
37 43 198
49 42 7753
50 24 356
6 33 6219
37 40 2190
45 47 9305
12 45 155
47 50 1316
7 42 473
12 37 6135
10 28 3888
12 1 596
19 34 3168
5 25 1710
34 29 5744
42 27 8645
10 33 336
33 27 6272
47 13 2407
8 40 2647
19 43 3244
39 26 6412
44 50 8122
45 23 5489
45 9 6169
41 50 7596
36 9 6978
24 44 1954
48 40 5816
6 47 1206
49 49 3755
26 13 3698
27 37 3044
50 26 5140
10 46 2980
9 44 5817
17 22 5342
12 27 1140
1 45 5697
50 3 6549
17 3 3350
22 30 6562
23 7 4249
17 8 3776
8 9516 9473 40 25 17 10 43 39 2 7 17 42 7 13 39 8 16 41 24 18 43 46 50 5 20 6 6 36 15 33 45 31 8 35 7 25 46 1 15 47 9 31 41
18 7492 5278 25 10 21 49 30 13 46 29 20 15 36 25 2 50 9 47 32 17 33 38 41 28 40 5 26 49
37 7765 5265 29 47 40 41 17 40 20 32 37 48 1 1 33 27 5 32 36 1 15 2 35 4 44 14 43 48 39 43 36 5
10 8802 6763 2 6 19
41 9451 2074 30 24 2 30 6 29 36 39 16 38 5 17 22 8 10 37 1 9 26 45 44 32 5 9 34 6 15 4 48 41 6
27 9558 8414 9 22 39 44 13 4 34 17 22 7
25 7880 3893 27 41 21 21 34 2 27 45 37 32 9 42 32 1 49 10 15 8 18 39 46 14 3 2 47 19 23 3
45 9455 6597 21 46 18 44 32 21 20 26 7 4 36 1 35 36 49 44 3 6 14 43 4 27
