2000 2000
1 2000 72654797 75766809
1 2000 10541112 78024001
1 2000 25924958 57637009
1 2000 61222329 81945880
1 2000 27183697 37043342
1 2000 24322450 41127774
1 2000 2287245 37780291
1 2000 27476942 34174322
1 2000 12338648 83769217
1 2000 8220438 46810770
1 2000 16869790 66736120
1 2000 8525794 36257219
1 2000 23494499 48394247
1 2000 11814852 57130093
1 2000 16432942 53338029
1 2000 7017856 13584744
1 2000 22144017 61683874
1 2000 42383399 61347699
1 2000 34883116 78806616
1 2000 12828366 20618379
1 2000 39992012 61337753
1 2000 13059021 23353714
1 2000 40807918 62260695
1 2000 23013362 67342986
1 2000 30468072 85071623
1 2000 30850523 59598501
1 2000 33014113 56826376
1 2000 50480099 59134661
1 2000 54394060 63255840
1 2000 9135116 11998971
1 2000 41154821 76334306
1 2000 57668101 79401726
1 2000 11441188 81077081
1 2000 60408342 69697122
1 2000 162711 8505943
1 2000 14943096 85180852
1 2000 4524611 10597944
1 2000 27906036 48415402
1 2000 25037810 86107560
1 2000 20427118 82458891
1 2000 66835577 78911453
1 2000 21316400 61002325
1 2000 6930697 40342304
1 2000 16690802 31111206
1 2000 25278720 38897599
1 2000 28559316 42741733
1 2000 9578596 38652221
1 2000 10633287 14822577
1 2000 50839555 60028296
1 2000 34252916 51825976
1 2000 6442188 33982810
1 2000 53786835 55776757
1 2000 53180505 56980462
1 2000 50724384 57072796
1 2000 1656492 50952192
1 2000 10341925 53826180
1 2000 9945898 83969759
1 2000 1589542 59707264
1 2000 69148029 78240730
1 2000 41301915 51467595
1 2000 17428127 60473343
1 2000 34234821 41453276
1 2000 63544133 65795956
1 2000 9896503 51657043
1 2000 11685701 57174719
1 2000 20807680 40152697
1 2000 67897047 76575956
1 2000 17547222 84932068
1 2000 48111336 58587780
1 2000 5812162 65654275
1 2000 34269857 66547075
1 2000 26916627 61490533
1 2000 27751983 30561858
1 2000 64768687 84689624
1 2000 79295 65534793
1 2000 2511829 66482860
1 2000 17648110 45173686
1 2000 367600 2592076
1 2000 11973249 46141100
1 2000 25741131 44966083
1 2000 6648340 24853433
1 2000 42897569 46656403
1 2000 35269313 70974589
1 2000 41280504 74222401
1 2000 45439434 52674140
1 2000 40967826 48610492
1 2000 66692657 69467629
1 2000 38259582 71816970
1 2000 13805604 38852742
1 2000 26033273 50019228
1 2000 33760923 62944213
1 2000 15825491 20300733
1 2000 6894979 15574418
1 2000 22916758 76431225
1 2000 36977072 77963174
1 2000 16799707 85812535
1 2000 71263078 75774286
1 2000 55273613 73843252
1 2000 38896677 55122193
1 2000 21205015 68333761
1 2000 4327309 47771280
1 2000 16655237 60403509
1 2000 35301893 54678972
1 2000 1719596 66337554
1 2000 11268983 54393992
1 2000 16469079 68038904
1 2000 1429279 2190986
1 2000 9508022 14266393
1 2000 28523658 33496967
1 2000 33174114 58471368
1 2000 30738409 42868648
1 2000 12166072 26718400
1 2000 6943148 9117603
1 2000 35210071 70277595
1 2000 10159709 54675114
1 2000 9274109 55733657
1 2000 1498661 32642312
1 2000 48546759 67965857
1 2000 11016764 68592673
1 2000 39780985 57114277
1 2000 68300683 77634001
1 2000 1030668 37932377
1 2000 8414010 36593074
1 2000 16234124 27101290
1 2000 14476125 16218903
1 2000 11488636 35745106
1 2000 2595518 2989794
1 2000 59001160 75923223
1 2000 5650074 6532945
1 2000 20497012 86240124
1 2000 29878225 32561878
1 2000 71969598 83672649
1 2000 33891998 83344238
1 2000 65196025 83688838
1 2000 13644435 72044631
1 2000 45284928 49545390
1 2000 13193245 14801314
1 2000 27745078 59878197
1 2000 63451346 75432966
1 2000 22908436 45256144
1 2000 21711129 41338808
1 2000 45599636 48158860
1 2000 28139799 50596246
1 2000 45866504 52489575
1 2000 12798745 81020324
1 2000 33376420 49441580
1 2000 19181439 74771203
1 2000 61755563 78766138
1 2000 39374302 48237201
1 2000 5443430 21560060
1 2000 44195023 80328486
1 2000 53762662 62096334
1 2000 62214066 80929839
1 2000 3426992 33395255
1 2000 15126351 84784488
1 2000 32488725 34162129
1 2000 39969527 62396442
1 2000 25838026 81810456
1 2000 7324399 13826242
1 2000 38288831 77007692
1 2000 33290012 38150545
1 2000 36337768 58573203
1 2000 30393730 46165165
1 2000 26458995 46422518
1 2000 39457274 76167620
1 2000 3198302 60749813
1 2000 47796691 68946541
1 2000 3980299 21281427
1 2000 9302726 43419363
1 2000 6951425 23480833
1 2000 57986209 76899093
1 2000 32811321 80993998
1 2000 9174847 73823284
1 2000 22995966 62014423
1 2000 8371210 14260317
1 2000 20937342 43573226
1 2000 1932510 38471899
1 2000 39323723 61772992
1 2000 71051828 82778771
1 2000 32279784 39186448
1 2000 27590837 30997760
1 2000 30206814 56744004
1 2000 62120725 77634654
1 2000 30146057 59791825
1 2000 73912227 77853896
1 2000 5121459 62885520
1 2000 76017355 83769697
1 2000 4122026 73153075
1 2000 38948276 55429269
1 2000 22597414 70220484
1 2000 33527408 75741442
1 2000 64963773 85284339
1 2000 22152872 23000761
1 2000 39567731 73348406
1 2000 10652694 50373524
1 2000 11098619 31853151
1 2000 17771319 79509882
1 2000 6177727 46464431
1 2000 5001139 55991932
1 2000 14910737 65279163
1 2000 9905313 69839958
1 2000 23592719 44891972
1 2000 33657868 69723476
1 2000 8943713 74162220
1 2000 43800614 44946099
1 2000 14376859 27572706
1 2000 17370710 28056720
1 2000 33568041 35552878
1 2000 17306807 48029338
1 2000 4105017 12180480
1 2000 48028937 73659903
1 2000 18076280 76345767
1 2000 19060336 30840273
1 2000 2087943 73191877
1 2000 15202267 34519896
1 2000 16691396 30229548
1 2000 69915136 77514428
1 2000 33941346 79953795
1 2000 42062846 79181648
1 2000 1003115 47775697
1 2000 40951727 67263613
1 2000 3609339 82041367
1 2000 24733348 79669845
1 2000 45868853 66317969
1 2000 54926429 64675083
1 2000 8119370 9586901
1 2000 4864334 46871627
1 2000 48303415 48529308
1 2000 10998749 66740664
1 2000 19143791 39698323
1 2000 59620654 80777734
1 2000 27478846 61778986
1 2000 24757619 36846670
1 2000 32381443 38274447
1 2000 53461628 70613163
1 2000 27248616 70038355
1 2000 21166162 34692248
1 2000 29243314 38902126
1 2000 12066420 75523528
1 2000 36191580 74235943
1 2000 74609127 80634699
1 2000 25009116 56431223
1 2000 26011826 83436981
1 2000 77305622 84035805
1 2000 36301660 53697715
1 2000 34079816 48688869
1 2000 38901349 58533749
1 2000 6272178 53781485
1 2000 30426711 40481025
1 2000 22223986 27593462
1 2000 15619594 75690547
1 2000 58717671 63687426
1 2000 3953665 13967435
1 2000 13535002 20610493
1 2000 22797269 43622515
1 2000 1044009 5678317
1 2000 64391391 77232699
1 2000 25991097 57683038
1 2000 20632757 63009629
1 2000 8690902 85080911
1 2000 508069 79453510
1 2000 8762430 18072334
1 2000 17286064 68674117
1 2000 28376397 44750263
1 2000 76152512 80774196
1 2000 35165997 69687325
1 2000 25751392 85903575
1 2000 26782255 60395992
1 2000 36929451 52253378
1 2000 53659630 64961069
1 2000 854868 15714049
1 2000 47297070 75206933
1 2000 2469411 15697407
1 2000 11173404 64881091
1 2000 26125226 61404791
1 2000 1945540 32875898
1 2000 29338083 79237750
1 2000 22255766 67354891
1 2000 52988574 64662409
1 2000 2048973 72795918
1 2000 18613530 84819664
1 2000 9579267 72913777
1 2000 40579003 60878773
1 2000 49480690 53901698
1 2000 4574946 64049680
1 2000 32343796 49860476
1 2000 35159661 70477589
1 2000 25228333 74905568
1 2000 31805194 82106025
1 2000 59598057 74979003
1 2000 40236337 76698625
1 2000 23821340 38369675
1 2000 49554776 54618878
1 2000 17335469 81230875
1 2000 41899432 77963122
1 2000 839215 65751631
1 2000 50988836 84152728
1 2000 6694497 43248741
1 2000 55614854 71698491
1 2000 6843965 77772725
1 2000 850391 85322116
1 2000 49153530 71891291
1 2000 5115033 79733485
1 2000 71814664 85731016
1 2000 11274208 15147634
1 2000 36672950 78547229
1 2000 15614329 46871035
1 2000 23810045 55473801
1 2000 20648863 38184854
1 2000 65883655 82136101
1 2000 3662697 37242650
1 2000 58274513 61385943
1 2000 28359357 83236973
1 2000 6899156 9546729
1 2000 49686178 52005968
1 2000 23509536 79743403
1 2000 21521288 50605078
1 2000 24534850 46422879
1 2000 70441891 81551681
1 2000 12850691 79729865
1 2000 4531244 72501672
1 2000 485730 1419361
1 2000 1514692 3091625
1 2000 28932693 83036532
1 2000 52451555 61397433
1 2000 78250474 82758550
1 2000 69239693 81211299
1 2000 33893069 47215046
1 2000 33385883 58314458
1 2000 49956121 52525920
1 2000 63568472 72518818
1 2000 68755542 69320128
1 2000 5875220 49539205
1 2000 22696346 77148606
1 2000 21948032 35066682
1 2000 55946071 84737724
1 2000 23069365 51423170
1 2000 27367715 50299517
1 2000 16968070 62150720
1 2000 5065119 6638492
1 2000 22774326 37876635
1 2000 8425035 47735746
1 2000 9151224 37222078
1 2000 51365954 65673213
1 2000 2538328 73083705
1 2000 23595887 35076385
1 2000 38188675 69515381
1 2000 52270078 52758134
1 2000 41372587 62459112
1 2000 1529182 10349643
1 2000 24128084 64292884
1 2000 55146406 84863464
1 2000 4943180 67502989
1 2000 10810829 81014749
1 2000 16756404 53729309
1 2000 60556191 62055272
1 2000 27593749 59703617
1 2000 31633657 83717432
1 2000 36487168 68036325
1 2000 3896411 33083446
1 2000 11738869 55989543
1 2000 17439574 34111812
1 2000 66279776 68512763
1 2000 9908941 33770905
1 2000 3141605 86162978
1 2000 2311146 54846479
1 2000 5852524 67373569
1 2000 50111524 54600628
1 2000 24484390 49708648
1 2000 25124755 58663119
1 2000 849304 48057490
1 2000 1725435 23239034
1 2000 25657225 83760311
1 2000 78929879 80235901
1 2000 23786588 72305142
1 2000 17607293 63616806
1 2000 18333630 48403802
1 2000 28363996 50863949
1 2000 6706413 40392998
1 2000 6481680 38045564
1 2000 44162928 49321986
1 2000 1937261 11489210
1 2000 5889689 17852365
1 2000 41012713 63219110
1 2000 30416031 77928593
1 2000 6302931 75467600
1 2000 61512568 71975541
1 2000 31291463 33334872
1 2000 59265189 61256619
1 2000 14737708 14912974
1 2000 4962457 60244558
1 2000 33088055 38454154
1 2000 26538868 49666968
1 2000 5964965 22200386
1 2000 14772547 70342356
1 2000 40476557 66193310
1 2000 19120196 21203573
1 2000 12718566 64416010
1 2000 23526495 72989212
1 2000 4448715 79290807
1 2000 19859567 84296017
1 2000 4992807 57094586
1 2000 11984119 30838598
1 2000 58320378 63983546
1 2000 30774530 83037464
1 2000 31050660 77828224
1 2000 9862977 58546168
1 2000 67434310 81935014
1 2000 51880387 72814722
1 2000 13160428 68679370
1 2000 35875209 84583154
1 2000 651865 86071664
1 2000 18486232 47284984
1 2000 26252372 53843510
1 2000 40014535 64522772
1 2000 8493526 77161044
1 2000 1634644 18319632
1 2000 8029852 24123591
1 2000 48989245 57470106
1 2000 15843582 17150807
1 2000 25749545 27713022
1 2000 26992552 84771777
1 2000 44056143 71839664
1 2000 60877897 85105205
1 2000 8029530 37530685
1 2000 34725787 39335162
1 2000 14634510 28641893
1 2000 25787357 28261167
1 2000 27193978 35076671
1 2000 2278302 25741725
1 2000 21521364 74509683
1 2000 18761169 75970851
1 2000 18507568 46760113
1 2000 62789694 69878199
1 2000 21938586 32838513
1 2000 4370062 77070381
1 2000 56833400 62165984
1 2000 46431387 61623600
1 2000 7824468 30056102
1 2000 22739650 49640651
1 2000 28488187 74168588
1 2000 52662420 60866549
1 2000 2566236 66357304
1 2000 1682998 46708216
1 2000 27057058 38991955
1 2000 26465650 68496664
1 2000 37182998 82536526
1 2000 6579094 41606149
1 2000 41165693 46502266
1 2000 1500585 83260932
1 2000 51346463 63025178
1 2000 10197065 67108886
1 2000 13375055 46984854
1 2000 53323532 54168516
1 2000 67610257 69932117
1 2000 9131433 33983455
1 2000 13309001 59992178
1 2000 16854948 67609830
1 2000 38232127 42897867
1 2000 37118116 72632082
1 2000 3754863 61224871
1 2000 33555913 58826142
1 2000 59733794 61673224
1 2000 24447461 47854186
1 2000 48221183 74285575
1 2000 27582347 85461713
1 2000 2049765 28364129
1 2000 1878005 8348760
1 2000 3268188 50438429
1 2000 1116418 77049929
1 2000 32375196 47665891
1 2000 13242775 34964482
1 2000 47748923 79501815
1 2000 16251992 49402518
1 2000 8636438 33632921
1 2000 18458736 20370450
1 2000 11798279 41825440
1 2000 4974363 39075461
1 2000 328984 39881209
1 2000 1061302 58349759
1 2000 2133208 16111001
1 2000 35077667 38028307
1 2000 63940986 74606805
1 2000 33740647 78453289
1 2000 3133566 57868474
1 2000 50107361 75369454
1 2000 7591664 44469664
1 2000 36029320 48906886
1 2000 45784236 53058183
1 2000 734437 64555515
1 2000 15759760 33595536
1 2000 5889517 33428805
1 2000 476891 8487137
1 2000 26172862 65095622
1 2000 45177411 83593540
1 2000 5378675 70108184
1 2000 6143972 66813054
1 2000 13459422 75430539
1 2000 27891193 79896860
1 2000 3688581 25590733
1 2000 52673448 79594739
1 2000 34982500 64651958
1 2000 64616183 84124576
1 2000 21918117 40025531
1 2000 48050031 55001108
1 2000 56595734 66972660
1 2000 4673754 11924637
1 2000 22448294 65366801
1 2000 52414377 72515005
1 2000 16301956 62291463
1 2000 4760516 62329695
1 2000 14384949 66807427
1 2000 35432024 67147593
1 2000 5282896 44536261
1 2000 34262073 47522654
1 2000 17660381 76324744
1 2000 28469301 30073540
1 2000 18327033 28811986
1 2000 15330830 17485697
1 2000 39227811 63311410
1 2000 58553415 66836460
1 2000 5417269 41444962
1 2000 3883977 51137667
1 2000 15567612 20971160
1 2000 45464236 54812984
1 2000 5138904 52075923
1 2000 74453589 78031114
1 2000 22203983 68673246
1 2000 1007343 20045065
1 2000 11521285 11625164
1 2000 29564044 44518584
1 2000 39232809 86202959
1 2000 26890718 38640276
1 2000 38891344 84058124
1 2000 34293460 62595370
1 2000 37292525 37717764
1 2000 4562988 34374051
1 2000 5041544 14569980
1 2000 35255722 74761073
1 2000 40740813 73165848
1 2000 28774703 45644477
1 2000 11588675 17421223
1 2000 41108384 77482897
1 2000 22930979 65943846
1 2000 19778766 76846377
1 2000 55238792 78487260
1 2000 4394506 68915368
1 2000 20076151 24617200
1 2000 260806 74329656
1 2000 37713920 66451326
1 2000 30931628 42209859
1 2000 17239548 85213497
1 2000 47403520 71599622
1 2000 9749094 31825303
1 2000 68662827 71454656
1 2000 28232394 64891726
1 2000 7076278 78922265
1 2000 53601781 54672941
1 2000 10413792 19058037
1 2000 7322081 65287685
1 2000 53128593 84728173
1 2000 40975177 41055832
1 2000 10701261 72822323
1 2000 25004072 68886690
1 2000 13843525 48602306
1 2000 46456138 78093411
1 2000 32731357 55166685
1 2000 13573004 64938879
1 2000 4337678 69400898
1 2000 191089 48856534
1 2000 14011351 48813183
1 2000 68793809 84575008
1 2000 24773754 36975692
1 2000 43252164 59575232
1 2000 60331062 78604070
1 2000 17487462 47636160
1 2000 15203215 39593115
1 2000 2865219 48981088
1 2000 8543312 66536325
1 2000 32532442 71888491
1 2000 75293269 85303069
1 2000 36504968 42076091
1 2000 5766268 35791090
1 2000 30445266 31403569
1 2000 15636791 42992384
1 2000 36493442 78609042
1 2000 51129534 56066529
1 2000 61774554 79087456
1 2000 23548284 44170510
1 2000 1155644 62183490
1 2000 34660312 66882764
1 2000 1671368 79278760
1 2000 4628423 70039748
1 2000 16058787 19684128
1 2000 16059902 44357899
1 2000 26659926 57714104
1 2000 44894420 63492933
1 2000 36804625 65248473
1 2000 43575504 85107666
1 2000 69819304 76804825
1 2000 27826496 52430426
1 2000 61802522 82627403
1 2000 60619417 62163206
1 2000 28393757 84691129
1 2000 32648633 54321893
1 2000 21670739 24703892
1 2000 7455242 69082669
1 2000 18700402 67080637
1 2000 48170426 60473379
1 2000 40118884 73314997
1 2000 44251648 74467279
1 2000 1090293 25472987
1 2000 20114275 48982436
1 2000 36533091 77147032
1 2000 67566473 76774043
1 2000 38042677 73622095
1 2000 13386159 61747559
1 2000 45977175 59907757
1 2000 18376029 32746107
1 2000 27764295 31450075
1 2000 35452425 44684355
1 2000 7449232 30177809
1 2000 64422840 72335149
1 2000 44744984 48178038
1 2000 68716131 70344329
1 2000 38815110 67218970
1 2000 8712879 45410604
1 2000 18158452 57099265
1 2000 11267439 48674942
1 2000 2013890 77808448
1 2000 1985919 15192107
1 2000 81018837 84175214
1 2000 67904010 69075386
1 2000 7272422 80657876
1 2000 15880709 55945071
1 2000 26675969 52952311
1 2000 3061601 49335293
1 2000 21181531 36498352
1 2000 16736906 38707109
1 2000 31059807 76486211
1 2000 56774474 68857513
1 2000 2591649 11890277
1 2000 44007301 73940391
1 2000 11551857 84786184
1 2000 15363174 45295449
1 2000 28922887 33428729
1 2000 24152925 72569484
1 2000 23599910 34127502
1 2000 3662292 6465151
1 2000 8000917 78781069
1 2000 52229331 85370964
1 2000 11127918 34856916
1 2000 59691739 67346816
1 2000 41191663 84622200
1 2000 38257236 53313296
1 2000 41178988 54450586
1 2000 44103214 81429289
1 2000 25468959 61587907
1 2000 10320537 36335457
1 2000 17372748 58282352
1 2000 69502175 83106103
1 2000 9353773 22052505
1 2000 16527991 72813360
1 2000 41806243 51909549
1 2000 13466539 22483488
1 2000 26391713 61048168
1 2000 53500003 57741882
1 2000 9712884 47331889
1 2000 36256673 67455970
1 2000 18756276 71704019
1 2000 3512030 78576350
1 2000 19568795 27155120
1 2000 4106796 85922269
1 2000 13047167 59254855
1 2000 41679056 85867376
1 2000 82990644 85665546
1 2000 18368355 43793747
1 2000 29785985 82180053
1 2000 48858759 85045555
1 2000 13207831 17850357
1 2000 4383322 23537134
1 2000 43378563 63415345
1 2000 60484141 75705892
1 2000 29320121 35214851
1 2000 13539062 80745991
1 2000 70962324 80303748
1 2000 28298896 76693554
1 2000 40274055 70539818
1 2000 35977341 82966416
1 2000 11070650 34829384
1 2000 51076029 65223535
1 2000 83608331 84691157
1 2000 14951869 61179228
1 2000 16728020 52358492
1 2000 16885956 68544240
1 2000 16591516 58728114
1 2000 32751370 72528837
1 2000 59410937 84690626
1 2000 31603910 45652142
1 2000 78541459 79694640
1 2000 55568129 79810578
1 2000 44652871 85853719
1 2000 11016670 43275618
1 2000 36566948 76751834
1 2000 7779722 59376492
1 2000 36218611 46429621
1 2000 17022888 82045023
1 2000 20659728 49719199
1 2000 25954851 73725881
1 2000 34824856 60816073
1 2000 51611772 85594638
1 2000 19778438 74463203
1 2000 7868607 83453910
1 2000 47969707 71040781
1 2000 68196531 83985467
1 2000 3319745 20167329
1 2000 22759435 34841435
1 2000 35865064 84830111
1 2000 21430372 40677654
1 2000 20793426 61839363
1 2000 75679619 85263602
1 2000 44625787 68139111
1 2000 63003463 68377523
1 2000 5819766 63780513
1 2000 61602471 82728912
1 2000 25743454 31191549
1 2000 42148976 82129530
1 2000 50776954 64014627
1 2000 47128645 67857549
1 2000 5296919 29857904
1 2000 5285043 25302581
1 2000 50081345 53452386
1 2000 57856592 62065797
1 2000 12107382 85683412
1 2000 851217 8452718
1 2000 31172713 36353685
1 2000 10771458 14976650
1 2000 38381479 61436080
1 2000 54039738 58937935
1 2000 3002713 31015792
1 2000 21733561 32754592
1 2000 44016295 84899714
1 2000 45768625 85928419
1 2000 14406508 59808998
1 2000 1197757 32341240
1 2000 14015636 23658809
1 2000 25838978 61624068
1 2000 34223384 50497279
1 2000 13491756 58214363
1 2000 63488933 75414652
1 2000 28692790 65095372
1 2000 19107617 84534729
1 2000 44367836 69180132
1 2000 8786157 77708799
1 2000 28443539 65926004
1 2000 31801018 32488339
1 2000 68976013 84648796
1 2000 13241577 22380089
1 2000 2448418 17260045
1 2000 27833347 86299386
1 2000 14858922 51073087
1 2000 5324929 53928248
1 2000 25270032 53904993
1 2000 22842114 50366553
1 2000 10949380 23793513
1 2000 16394050 50924303
1 2000 54305154 66246991
1 2000 5447913 33423965
1 2000 15655815 80714800
1 2000 15392122 47233698
1 2000 38927475 42366306
1 2000 51956578 73519332
1 2000 22596025 67481237
1 2000 28384039 64707851
1 2000 280661 71940975
1 2000 57223276 84480875
1 2000 17421019 69240470
1 2000 32768200 38750781
1 2000 42631104 71080759
1 2000 17179633 41433067
1 2000 42257589 66522504
1 2000 79996644 86167521
1 2000 9236640 66839660
1 2000 22701664 25467330
1 2000 24145330 50806460
1 2000 25509506 52672935
1 2000 22184690 42805290
1 2000 40950502 80316614
1 2000 62424929 78201481
1 2000 37608629 55729388
1 2000 25931932 84302891
1 2000 22812176 31890049
1 2000 9421861 64444676
1 2000 40477410 61365590
1 2000 50917943 55155623
1 2000 24395870 53873478
1 2000 25621599 52618396
1 2000 31498938 34138981
1 2000 6688290 11476933
1 2000 11973852 46639464
1 2000 36252196 70715933
1 2000 20809828 25335826
1 2000 50672443 57656392
1 2000 19857568 42695543
1 2000 39341424 79945569
1 2000 5133665 69426205
1 2000 29775341 32038485
1 2000 49943106 74512436
1 2000 28205537 77248651
1 2000 3747175 81876165
1 2000 6698532 30597085
1 2000 15298727 37901344
1 2000 10399313 47635993
1 2000 8751726 53390951
1 2000 61185861 68383728
1 2000 1191912 22342229
1 2000 48976770 80720940
1 2000 3822256 29636711
1 2000 14470935 66754030
1 2000 31593145 56911019
1 2000 45925897 64793135
1 2000 79063481 81588760
1 2000 10484888 64729389
1 2000 19938315 71231046
1 2000 32076864 55921808
1 2000 5881103 75664459
1 2000 76083788 84474033
1 2000 57734530 70297822
1 2000 29559032 50575208
1 2000 7307068 79872177
1 2000 28022032 64064605
1 2000 65406626 77616078
1 2000 2008340 83376107
1 2000 32527406 54327234
1 2000 15028296 66290703
1 2000 15228698 72142804
1 2000 1258827 75219666
1 2000 12302840 81794461
1 2000 15960776 64196464
1 2000 30669873 41121029
1 2000 31097158 69335732
1 2000 49255552 55501221
1 2000 59661621 61351925
1 2000 9968715 27817072
1 2000 20936291 62821755
1 2000 34000422 67071833
1 2000 25219711 55703166
1 2000 22152264 36139928
1 2000 63660196 80322474
1 2000 15017051 67497055
1 2000 15992739 37788872
1 2000 29292216 40780974
1 2000 62462036 73075988
1 2000 52970053 75026618
1 2000 30537109 72717983
1 2000 46390449 69403822
1 2000 43274172 81341485
1 2000 40659528 69642941
1 2000 36012266 54645921
1 2000 7913527 21179901
1 2000 34768883 54159729
1 2000 15923550 78506805
1 2000 53818691 55333079
1 2000 18098676 46052546
1 2000 19749216 43082422
1 2000 32830697 59710754
1 2000 41198981 69717507
1 2000 3375074 78706188
1 2000 29337419 78212095
1 2000 45857774 67612621
1 2000 4388343 18520792
1 2000 31091588 40266340
1 2000 50448040 65799834
1 2000 26636556 51557020
1 2000 53488695 74242625
1 2000 7388015 22032501
1 2000 8130386 73412593
1 2000 591000 59824707
1 2000 24493594 33891117
1 2000 22715467 77294128
1 2000 467210 69338444
1 2000 18993918 82887828
1 2000 25486035 51230842
1 2000 59888696 66886649
1 2000 44205783 80930698
1 2000 1488638 22063333
1 2000 17408128 64784102
1 2000 50783442 70338321
1 2000 20403363 54421810
1 2000 50688830 70519166
1 2000 35508993 72680782
1 2000 18173981 59385096
1 2000 16444704 23255811
1 2000 67520424 84022397
1 2000 65224338 79406533
1 2000 31591165 71880618
1 2000 17449368 26679006
1 2000 27031028 49944164
1 2000 4513625 51716693
1 2000 26088993 34169557
1 2000 59872874 85176354
1 2000 46160516 77172705
1 2000 45723762 55620276
1 2000 13549970 46409997
1 2000 42322180 49559738
1 2000 9679368 11253495
1 2000 27048378 31624201
1 2000 27467147 56607634
1 2000 28544306 34129572
1 2000 15439629 45181016
1 2000 27386263 37014795
1 2000 19784918 59152052
1 2000 1462229 18640851
1 2000 33308262 70646118
1 2000 8013097 76109842
1 2000 23109788 27997201
1 2000 39615686 40883697
1 2000 12068987 29717198
1 2000 31609604 75341711
1 2000 2882229 31335793
1 2000 18822150 58583763
1 2000 16725181 46077615
1 2000 7150687 8297444
1 2000 5661883 20863533
1 2000 15899149 43346311
1 2000 10018704 86027022
1 2000 43820603 53665545
1 2000 958025 73313282
1 2000 9913621 57874670
1 2000 62679093 71053677
1 2000 18360212 55384599
1 2000 40106152 71087451
1 2000 11278161 30987765
1 2000 23451800 63070054
1 2000 16504060 42522528
1 2000 743093 7831348
1 2000 32872029 67651556
1 2000 3865367 81119968
1 2000 14189242 49811993
1 2000 9697293 10742246
1 2000 31016377 35253424
1 2000 19830568 23542054
1 2000 6240236 57480186
1 2000 7483717 37142616
1 2000 33316061 68058539
1 2000 8342034 40272107
1 2000 16313800 28178071
1 2000 49236452 55755893
1 2000 605411 68983890
1 2000 28681406 77649921
1 2000 12712111 81916957
1 2000 33321816 81831353
1 2000 51809702 57070200
1 2000 32136380 46103816
1 2000 74055831 81672076
1 2000 6629626 38355299
1 2000 38338342 83714724
1 2000 21349944 40084705
1 2000 41881533 74423716
1 2000 41861488 62658724
1 2000 17389588 56157618
1 2000 3562982 66273414
1 2000 46601202 64076941
1 2000 65301232 73118501
1 2000 22991323 46070774
1 2000 40645911 47162110
1 2000 21782906 49268435
1 2000 20718185 79514784
1 2000 1968865 73490864
1 2000 38291110 78526739
1 2000 60299935 72016107
1 2000 15719216 58326760
1 2000 2772082 85168590
1 2000 32102926 42256599
1 2000 23534674 36799344
1 2000 10640279 50964407
1 2000 16105983 76288130
1 2000 45343476 66615653
1 2000 1119803 44667406
1 2000 56319186 85086342
1 2000 9574564 19301132
1 2000 57539282 73816355
1 2000 53556225 81710484
1 2000 28594452 30919949
1 2000 10938227 38926471
1 2000 11490092 56070725
1 2000 11008514 37852906
1 2000 46789341 51744203
1 2000 58188412 75097401
1 2000 46973480 82714235
1 2000 36477500 77140798
1 2000 18234453 76010247
1 2000 10280132 35990845
1 2000 62971205 71730959
1 2000 23752249 70239942
1 2000 21225534 80438310
1 2000 56555513 70694236
1 2000 10559623 56771950
1 2000 42587312 45877510
1 2000 48873054 62380935
1 2000 11413492 68156320
1 2000 51200147 80399516
1 2000 12879937 40151943
1 2000 30557619 41427548
1 2000 17265181 73677835
1 2000 11629518 85624811
1 2000 2724314 58574662
1 2000 25705011 28338687
1 2000 1418836 59916818
1 2000 34409216 71020948
1 2000 64164171 75216385
1 2000 45878055 76094708
1 2000 21967382 82791661
1 2000 16969968 84536040
1 2000 25454060 50763305
1 2000 5521135 31956091
1 2000 5785161 25909129
1 2000 18709937 65184954
1 2000 14335603 57277199
1 2000 39236039 76312476
1 2000 9163808 32109960
1 2000 64012754 79443912
1 2000 35836158 78742900
1 2000 71891838 86313017
1 2000 3462472 38937692
1 2000 11714972 76151142
1 2000 13158799 34989702
1 2000 34083853 69019303
1 2000 10233016 56316803
1 2000 9563698 82798108
1 2000 8269123 80599713
1 2000 64406947 66995441
1 2000 29620739 66339101
1 2000 5522160 22614934
1 2000 7661897 37829725
1 2000 15279956 78615933
1 2000 83642523 85453569
1 2000 65537444 79681876
1 2000 41407609 49356354
1 2000 23090009 27530444
1 2000 636152 19270828
1 2000 33260582 60037524
1 2000 17691584 45701447
1 2000 14341192 14675835
1 2000 29882792 85665156
1 2000 41706975 58500373
1 2000 18977273 56182215
1 2000 66812541 73345789
1 2000 31053723 56215130
1 2000 9923944 43910173
1 2000 14004511 81552851
1 2000 26102670 63072061
1 2000 3708286 41434393
1 2000 8656116 35659496
1 2000 24176371 31612455
1 2000 58353788 66656420
1 2000 38910239 44469193
1 2000 1100722 40818631
1 2000 12399268 32116277
1 2000 45994875 52103658
1 2000 31598285 72107825
1 2000 26038833 52662071
1 2000 28361942 38629790
1 2000 15149320 62856404
1 2000 67206184 85857239
1 2000 70319956 75191946
1 2000 9830977 72115418
1 2000 16980155 82302750
1 2000 10463365 30381782
1 2000 19333729 43233764
1 2000 40738751 50139076
1 2000 10246146 73807754
1 2000 63775325 65330842
1 2000 49877849 71910514
1 2000 1275949 55960473
1 2000 30533386 32365824
1 2000 33218869 39726507
1 2000 465084 78540478
1 2000 49564075 52907571
1 2000 12099852 22426688
1 2000 19845560 48597037
1 2000 41507904 67357997
1 2000 9944352 11639539
1 2000 13604718 77089345
1 2000 68797955 83262128
1 2000 42603034 78969504
1 2000 1534114 68921785
1 2000 29441720 63554485
1 2000 13194005 54895053
1 2000 24745756 40172817
1 2000 74382695 81451696
1 2000 55351481 75994803
1 2000 34950214 74563745
1 2000 50106736 60462548
1 2000 32421452 72568447
1 2000 189875 17891226
1 2000 11385071 44683098
1 2000 13545463 23793246
1 2000 16353327 21196763
1 2000 19925032 44531476
1 2000 58282204 66839570
1 2000 39731651 77428001
1 2000 45806526 86294127
1 2000 46140256 71630855
1 2000 27467969 76015917
1 2000 47520306 64674237
1 2000 42076753 44682478
1 2000 40198074 47050581
1 2000 8589571 35935011
1 2000 62550800 71094198
1 2000 68464509 85803108
1 2000 3703661 57193746
1 2000 24917400 41021029
1 2000 1215930 52016327
1 2000 27379587 45637253
1 2000 63452773 81366773
1 2000 45512876 79636613
1 2000 38015602 71188226
1 2000 11814766 76631979
1 2000 42807017 52225025
1 2000 8318776 26007701
1 2000 28061403 33683049
1 2000 37464963 78493107
1 2000 29969255 43588336
1 2000 46921460 85369714
1 2000 27397403 61215249
1 2000 63976497 83620332
1 2000 15405502 25223369
1 2000 36213088 72675698
1 2000 11978365 49217140
1 2000 62668180 74390784
1 2000 691315 24209130
1 2000 19719127 29046587
1 2000 78205353 81837027
1 2000 62149105 65099762
1 2000 1700647 47460870
1 2000 1476196 79617784
1 2000 77914438 82500540
1 2000 50827191 73430514
1 2000 37754151 85605439
1 2000 7849123 32279341
1 2000 13241132 73519857
1 2000 23442957 81335590
1 2000 40916452 80083778
1 2000 48985058 58866651
1 2000 22093071 42931472
1 2000 12349440 72961015
1 2000 2328024 50379209
1 2000 30807282 84978537
1 2000 973410 45541389
1 2000 50193123 57795950
1 2000 56494936 72394473
1 2000 30563017 61912628
1 2000 27794471 31169531
1 2000 9719370 51707542
1 2000 36761439 57143927
1 2000 16652448 44327555
1 2000 53010615 82449745
1 2000 8667255 66343310
1 2000 16985286 52308837
1 2000 7963115 50888121
1 2000 20135890 78671998
1 2000 10668364 35273094
1 2000 38792184 43821994
1 2000 8993323 21536115
1 2000 1000204 32937860
1 2000 42511960 60328759
1 2000 10339224 12640078
1 2000 51812760 71671651
1 2000 13576462 72836660
1 2000 17953436 78375038
1 2000 5132912 37278714
1 2000 34693705 56048592
1 2000 17075343 54813106
1 2000 1060167 84233210
1 2000 11226633 46253069
1 2000 42821856 46142665
1 2000 29203590 30093146
1 2000 44678425 66098637
1 2000 11259654 16033222
1 2000 407840 68369453
1 2000 23250279 36342340
1 2000 63715179 64151421
1 2000 17553099 66677242
1 2000 9393580 71428809
1 2000 5958136 32719377
1 2000 40927020 83478332
1 2000 382847 62936309
1 2000 34724509 47879139
1 2000 31310175 38895281
1 2000 1178522 62860378
1 2000 59959014 67999229
1 2000 54432712 75658233
1 2000 3209214 55040067
1 2000 54810294 66633802
1 2000 40936694 46208089
1 2000 25151261 55856189
1 2000 73803667 84255747
1 2000 14996450 58095668
1 2000 3695146 15005974
1 2000 23149239 23725256
1 2000 69483904 74398508
1 2000 2887425 47160013
1 2000 29023866 69911885
1 2000 37291573 67314620
1 2000 10255657 45625843
1 2000 3273824 65958234
1 2000 41584593 78850693
1 2000 36712072 53834914
1 2000 1332733 27524696
1 2000 69822655 71585046
1 2000 5180824 49049166
1 2000 50967705 56495584
1 2000 32778971 58092008
1 2000 60417760 61015317
1 2000 34515543 75738376
1 2000 63022282 73541368
1 2000 31754226 58929547
1 2000 4971991 65682714
1 2000 51634704 62610738
1 2000 5104578 37653318
1 2000 18943169 28460215
1 2000 29509332 81757330
1 2000 20877105 68788546
1 2000 7742577 38966431
1 2000 63385190 80717816
1 2000 51746860 59237079
1 2000 9770583 21961331
1 2000 56260410 59506353
1 2000 11045780 17464999
1 2000 22386920 26913703
1 2000 56392799 63486132
1 2000 12652082 53324465
1 2000 56963760 58871283
1 2000 25656746 70337563
1 2000 34225565 46897199
1 2000 16208393 84908884
1 2000 7612588 42128413
1 2000 21091897 26481061
1 2000 41437800 44059476
1 2000 43347295 83774859
1 2000 18989427 39858239
1 2000 41698599 43195670
1 2000 3799893 50050787
1 2000 40165156 84747754
1 2000 32331241 74784465
1 2000 13549698 40717282
1 2000 22522193 81054211
1 2000 15504593 50019372
1 2000 17115479 58965391
1 2000 10965199 51763403
1 2000 13873971 32196299
1 2000 50881461 55459464
1 2000 40498294 65424717
1 2000 24884028 27517131
1 2000 33169902 43143310
1 2000 23239989 32573881
1 2000 31987047 52700243
1 2000 1085599 8197236
1 2000 15293025 71514700
1 2000 41341508 63213607
1 2000 53956149 64104701
1 2000 1902176 84406183
1 2000 57975073 58411842
1 2000 69683176 85181896
1 2000 39240787 62070727
1 2000 1553993 74682096
1 2000 32207364 84104516
1 2000 3493608 19431054
1 2000 8924421 80236821
1 2000 6386843 55248633
1 2000 42054537 71002368
1 2000 8216672 78882886
1 2000 74458321 81361662
1 2000 1060689 33377210
1 2000 10664461 77881759
1 2000 1204021 69602858
1 2000 6129689 25312856
1 2000 34000543 44895945
1 2000 45937192 82986069
1 2000 1636508 56715054
1 2000 11476468 67257802
1 2000 15538650 79139247
1 2000 36083328 72574952
1 2000 15428806 22871110
1 2000 54200888 63031723
1 2000 36102363 67333235
1 2000 41356370 64936848
1 2000 20291608 46406943
1 2000 14570121 14686303
1 2000 39815562 63528970
1 2000 53945406 62460386
1 2000 3660926 71859667
1 2000 14159441 84593777
1 2000 4996899 51174533
1 2000 53666625 59207079
1 2000 39201040 67428099
1 2000 11412226 58536554
1 2000 12893955 33062214
1 2000 23496016 58523731
1 2000 13722368 37255015
1 2000 86047032 86259989
1 2000 35632318 40445787
1 2000 39893545 47553872
1 2000 5626685 58876285
1 2000 33083183 41730304
1 2000 4829299 80784633
1 2000 37884309 61104460
1 2000 57074483 64815043
1 2000 16304435 77298363
1 2000 5421554 15176227
1 2000 50650338 69687939
1 2000 19221911 38432422
1 2000 18813419 40101742
1 2000 72786455 73438722
1 2000 11432382 50442125
1 2000 58058381 85888040
1 2000 54474676 55434931
1 2000 22174880 60201531
1 2000 23698549 86182151
1 2000 45372007 63419119
1 2000 6209777 24208109
1 2000 5233539 14117636
1 2000 5984601 31897527
1 2000 332853 3765931
1 2000 20747845 82595568
1 2000 24538702 64202243
1 2000 209359 22954448
1 2000 5905269 70930266
1 2000 23287344 47581838
1 2000 7186213 65888812
1 2000 58782233 82451069
1 2000 16930051 23802453
1 2000 1234418 78722394
1 2000 20468213 20652869
1 2000 58472946 81642994
1 2000 13652261 40820690
1 2000 59160362 73820775
1 2000 33218084 66990767
1 2000 10394197 23407205
1 2000 48141884 58623462
1 2000 37930146 38705714
1 2000 34060357 80552232
1 2000 6627876 41456320
1 2000 45060701 55922071
1 2000 5678285 78778800
1 2000 2676202 80121494
1 2000 9432117 49521040
1 2000 15091127 70503522
1 2000 2275460 30822062
1 2000 4909946 85762265
1 2000 27007058 67116180
1 2000 25392098 66130251
1 2000 14249543 34043459
1 2000 28990937 84019858
1 2000 30095397 70092642
1 2000 19794849 20396070
1 2000 43346942 85483967
1 2000 2779085 19224483
1 2000 11478492 23051173
1 2000 12956592 35967522
1 2000 50352743 85656859
1 2000 74277677 86038887
1 2000 3984619 63360465
1 2000 12949151 53167013
1 2000 32959119 57800853
1 2000 7763551 57722954
1 2000 20475089 65485499
1 2000 30773553 72885947
1 2000 47822671 58859815
1 2000 20556897 74548745
1 2000 23155783 38433923
1 2000 38844706 81508671
1 2000 44952462 46306525
1 2000 47817923 83857898
1 2000 25593612 66787204
1 2000 2515995 64804137
1 2000 24331291 75263813
1 2000 5096429 59584523
1 2000 27552188 51227593
1 2000 9995863 53703293
1 2000 41143083 75480321
1 2000 36849698 86254918
1 2000 73056031 81590536
1 2000 49282944 56083599
1 2000 40727032 44278755
1 2000 60461653 63274778
1 2000 77637910 85955958
1 2000 44193387 69932495
1 2000 29721387 51286072
1 2000 2226316 12903302
1 2000 50699463 68711383
1 2000 31119657 82949368
1 2000 40875483 80663284
1 2000 16635434 73430598
1 2000 5599698 47083295
1 2000 62012726 70268797
1 2000 67387711 77792764
1 2000 3341318 62631953
1 2000 35088266 44904796
1 2000 18791047 52282131
1 2000 33615335 69462250
1 2000 20749085 47865495
1 2000 156155 28032851
1 2000 25668455 46450362
1 2000 64908078 72711776
1 2000 56279890 58013140
1 2000 1524989 47891273
1 2000 18855543 61210952
1 2000 20122385 63455952
1 2000 6577560 15555163
1 2000 15868532 28007021
1 2000 24244037 49118315
1 2000 57355453 84219283
1 2000 21768957 41262780
1 2000 25338690 83136222
1 2000 41463334 81038356
1 2000 299937 73103146
1 2000 51184033 84757546
1 2000 52960732 80850791
1 2000 16125487 23857111
1 2000 3036666 55482053
1 2000 38130298 46750411
1 2000 13216227 83089687
1 2000 19111675 51954328
1 2000 17547747 27585380
1 2000 8020927 62336332
1 2000 40048175 81318010
1 2000 42108973 56104599
1 2000 8926921 10703266
1 2000 13271042 79300881
1 2000 6389619 33009536
1 2000 21735165 32440163
1 2000 27070769 81613530
1 2000 62327113 82688611
1 2000 13059442 34958632
1 2000 16940019 37604073
1 2000 6831010 64755385
1 2000 8043001 74266609
1 2000 13381197 75665538
1 2000 41136061 60830733
1 2000 27873081 65906246
1 2000 18437657 30576008
1 2000 14505798 42933993
1 2000 65650578 74862297
1 2000 28299928 43106260
1 2000 36505750 74722444
1 2000 341859 84108940
1 2000 10148924 58122424
1 2000 9680473 47920388
1 2000 66939125 67134233
1 2000 52663821 84955056
1 2000 63872927 83270282
1 2000 12237253 47231501
1 2000 13458231 22540140
1 2000 33965778 37694638
1 2000 75482845 83341459
1 2000 46278096 82109723
1 2000 12568954 18900877
1 2000 2928006 58696801
1 2000 67715249 81601240
1 2000 21708971 46387839
1 2000 66727350 76003278
1 2000 1191440 63082260
1 2000 63621793 63841688
1 2000 39131648 77174548
1 2000 10876073 20507476
1 2000 47328363 55509909
1 2000 9062338 67100537
1 2000 18800976 77686162
1 2000 28789674 34527902
1 2000 61935736 79247988
1 2000 34299775 42014603
1 2000 20422999 49535405
1 2000 16651510 53647262
1 2000 41469331 71382435
1 2000 49090155 79410549
1 2000 16232490 45608045
1 2000 6986240 51622219
1 2000 61358354 68511243
1 2000 353017 67084165
1 2000 24465052 29413056
1 2000 15504968 38499915
1 2000 4484503 33998498
1 2000 4571176 8039558
1 2000 9630605 63246003
1 2000 35542121 49816247
1 2000 41136995 67543604
1 2000 23489071 63540556
1 2000 40992003 45730954
1 2000 27079551 32088297
1 2000 20060284 29716164
1 2000 17633894 27320134
1 2000 27548322 72609004
1 2000 12576053 60031969
1 2000 23001608 81602868
1 2000 31108529 49019988
1 2000 7906727 56733429
1 2000 42965239 59388671
1 2000 56063909 66118516
1 2000 59072991 76123839
1 2000 3183077 17034344
1 2000 6027229 37941138
1 2000 68384658 69689112
1 2000 24487874 74577993
1 2000 34121141 67456803
1 2000 36511618 59724413
1 2000 24184758 38154152
1 2000 4166047 63164430
1 2000 51987615 65042448
1 2000 7026521 33622197
1 2000 36993441 44091507
1 2000 14377131 72637848
1 2000 18516171 47201138
1 2000 17064044 26454368
1 2000 46391829 67242391
1 2000 8965714 10271371
1 2000 35645338 51612042
1 2000 17660378 31886409
1 2000 17644929 65308543
1 2000 31593659 66938412
1 2000 11023550 27932046
1 2000 70811804 83991911
1 2000 31409833 46772971
1 2000 1672082 79906486
1 2000 80141 86071239
1 2000 66298171 78197366
1 2000 29805226 63994688
1 2000 2152752 59231821
1 2000 11114145 74638367
1 2000 28611392 29259726
1 2000 16882873 67287894
1 2000 32784833 79574540
1 2000 36396600 62017872
1 2000 73482275 73724625
1 2000 38886992 58407268
1 2000 10333643 66279561
1 2000 60817429 62370522
1 2000 4275625 16612324
1 2000 41583528 63408519
1 2000 13740686 50872922
1 2000 17935413 31944052
1 2000 8788849 53019571
1 2000 74064805 82874346
1 2000 64131437 85435134
1 2000 14622862 27412516
1 2000 64341164 80457557
1 2000 39147793 42827934
1 2000 22210980 54620936
1 2000 2230565 74857453
1 2000 3994576 61174605
1 2000 6949084 62916959
1 2000 35852963 83703139
1 2000 16421273 30629443
1 2000 2482633 45144138
1 2000 36376698 73606738
1 2000 13850597 60752386
1 2000 52563137 54432133
1 2000 41996843 48997119
1 2000 397003 83064698
1 2000 4685950 55792910
1 2000 12516260 34318677
1 2000 34298568 72484874
1 2000 69109367 81942348
1 2000 34027421 57849032
1 2000 52339125 71044946
1 2000 16902900 84890376
1 2000 23479909 47998622
1 2000 70319907 82983805
1 2000 19285185 29757971
1 2000 48807510 82461750
1 2000 16323903 35092536
1 2000 7789772 53899432
1 2000 17569690 81612586
1 2000 3227292 48023041
1 2000 55634564 56348232
1 2000 43109919 46518389
1 2000 1247569 9703389
1 2000 3156655 35093257
1 2000 34524114 76497495
1 2000 32776934 85874281
1 2000 38719485 51780183
1 2000 30186426 31354263
1 2000 41176308 77450519
1 2000 10349244 83445504
1 2000 4013213 60710382
1 2000 15757964 58715314
1 2000 33703127 55851510
1 2000 14737755 41123428
1 2000 30893546 41607256
1 2000 44626646 55430780
1 2000 4062916 14187258
1 2000 36109354 62860794
1 2000 3653167 36096059
1 2000 7802866 39826079
1 2000 21590797 65916494
1 2000 47242696 85013291
1 2000 27157225 74367432
1 2000 15472145 56775649
1 2000 9562867 76961457
1 2000 19037909 52059051
1 2000 54024851 59366611
1 2000 66797642 69786230
1 2000 20087400 29168970
1 2000 35001826 63043616
1 2000 31040476 32939587
1 2000 47219666 61289585
1 2000 40058308 70497770
1 2000 22153680 44972356
1 2000 3287264 55752885
1 2000 18819706 65270056
1 2000 37732504 60625646
1 2000 7011114 74039259
1 2000 5188772 51680252
1 2000 28175916 30574075
1 2000 48493908 76378336
1 2000 2014438 51570530
1 2000 44958137 65226305
1 2000 64621776 82443574
1 2000 1177717 47520761
1 2000 12817877 15007866
1 2000 4812223 85740858
1 2000 54060517 76200494
1 2000 8708068 80625274
1 2000 28607830 44228312
1 2000 18026532 74155944
1 2000 38181992 44542853
1 2000 55848911 75354831
1 2000 41330308 75915427
1 2000 58252034 78738721
1 2000 12141889 40192731
1 2000 8118546 39757918
1 2000 7728780 55110209
1 2000 30270427 63309183
1 2000 32665979 84991964
1 2000 71192554 85618087
1 2000 13810154 45340372
1 2000 7303013 61650465
1 2000 40971214 42404370
1 2000 43447726 82091239
1 2000 48869080 69173888
1 2000 856235 41970318
1 2000 33030029 36833449
1 2000 38920994 78063579
1 2000 31626582 74119012
1 2000 31668586 70934988
1 2000 900057 8534807
1 2000 32318440 34203788
1 2000 7459100 23871428
1 2000 2493192 41394325
1 2000 11163637 13337796
1 2000 3485538 52555073
1 2000 33347416 77819869
1 2000 41887885 43291025
1 2000 39287350 59546402
1 2000 30200119 81626579
1 2000 63948630 81402933
1 2000 47071774 51984683
1 2000 7947144 16081686
1 2000 39674224 57116281
1 2000 7714406 25472367
1 2000 46978580 81238570
1 2000 14484437 62265967
1 2000 37312125 63886873
1 2000 18497891 43073446
1 2000 10337738 13190390
1 2000 38631042 55543208
1 2000 20796956 60724665
1 2000 6271599 28871697
1 2000 18546059 47712469
1 2000 49023887 59358744
1 2000 10814080 59199976
1 2000 23111583 54599220
1 2000 34223639 84540184
1 2000 10339857 33082856
1 2000 34484613 53521041
1 2000 17566129 18714467
1 2000 43423300 73853572
1 2000 3275421 18139833
1 2000 32085955 33204162
1 2000 25368149 41968519
1 2000 12837762 39650011
1 2000 10467625 28379916
1 2000 72065560 79874342
1 2000 57388274 64743890
1 2000 19936379 47966308
1 2000 29171692 61194580
1 2000 40647149 59914413
1 2000 14667474 58894986
1 2000 40465373 44551377
1 2000 14124523 35291656
1 2000 18503223 26288092
1 2000 33755994 83664710
1 2000 4084275 47783780
1 2000 11312370 23053470
1 2000 35946307 38571187
1 2000 52414096 56745367
1 2000 38991623 47780893
1 2000 22324825 83559513
1 2000 17914768 33803687
1 2000 18372581 69462909
1 2000 34455791 86098128
1 2000 32710068 54506889
1 2000 15963620 54202027
1 2000 13975749 83792244
1 2000 34083414 59732404
1 2000 46824359 75966969
1 2000 24348587 60724545
1 2000 56030133 72663357
1 2000 41867989 57806049
1 2000 14698728 85520855
1 2000 52403625 80354445
1 2000 15279207 41398775
1 2000 49695080 84521237
1 2000 11306908 45405007
1 2000 54292603 58583599
1 2000 23174786 84909564
1 2000 21634454 42111511
1 2000 46729934 84251844
1 2000 29355930 71012729
1 2000 7528719 42133144
1 2000 13056107 58017957
1 2000 32881699 35855251
1 2000 54422185 78707163
1 2000 45034778 65810765
1 2000 8376244 51270800
1 2000 22936143 27623778
1 2000 26255843 63513313
1 2000 9696929 46691669
1 2000 20025442 40284989
1 2000 11587659 11932248
1 2000 51817232 72202322
1 2000 49949873 59009459
1 2000 2824824 43750790
1 2000 43642887 63414027
1 2000 16178279 85029542
1 2000 45942732 83580186
1 2000 72908807 77569415
1 2000 5598104 43010587
1 2000 80407910 81305794
1 2000 26090787 52436929
1 2000 22060989 28875259
1 2000 26095066 36024520
1 2000 49993911 62745515
1 2000 464871 12580565
1 2000 61182431 66568695
1 2000 13401867 38838972
1 2000 357401 31086414
1 2000 43272911 47941690
1 2000 14293478 70206752
1 2000 38185166 66516926
1 2000 28261168 65657677
1 2000 21268570 71544094
1 2000 6825050 78969628
1 2000 52305066 59496188
1 2000 15727023 55650162
1 2000 64422008 82652304
1 2000 48734801 78211471
1 2000 24136084 52520042
1 2000 7763943 75259141
1 2000 64313583 78712375
1 2000 10424182 63772551
1 2000 12636521 31416894
1 2000 47875258 81532359
1 2000 13897139 36960266
1 2000 259628 26261230
1 2000 29684275 63811226
1 2000 64613555 70567816
1 2000 10141840 38479093
1 2000 11341819 69362069
1 2000 25198387 56181715
1 2000 49687844 70732254
1 2000 127297 39515855
1 2000 24690708 41943119
1 2000 23320841 28174264
1 2000 21521680 64284913
1 2000 11612618 61097651
1 2000 28388491 35150724
1 2000 61386180 76827999
1 2000 13151471 54163486
1 2000 53789093 64188001
1 2000 7156463 23631778
1 2000 62779718 75260600
1 2000 68200088 71311612
1 2000 4278192 37528346
1 2000 26505321 64617366
1 2000 23166831 45457357
1 2000 15096996 62827463
1 2000 62245613 67394645
1 2000 44491617 73450551
1 2000 28151177 82881757
1 2000 1184636 48407430
1 2000 55412893 82759938
1 2000 42980232 77545955
1 2000 66845781 73640695
1 2000 5384792 27905655
1 2000 9655802 65962049
1 2000 26498622 35080798
1 2000 529022 29531732
1 2000 20242557 62322936
1 2000 15678081 51470886
1 2000 59767243 72312619
1 2000 11506453 75812607
1 2000 66125947 83353793
1 2000 46927986 50122913
1 2000 572963 62979672
1 2000 15230394 81403577
1 2000 17449158 39805689
1 2000 5005582 73922689
1 2000 45992123 77166879
1 2000 42417191 80028590
1 2000 51229892 64672893
1 2000 19164881 39746845
1 2000 23229072 73987881
1 2000 2967220 24439669
1 2000 11753377 28806662
1 2000 26719099 71167326
1 2000 52962773 72457957
1 2000 9928597 54878387
1 2000 15721288 79298046
1 2000 16019521 73705680
1 2000 50545987 80733391
1 2000 21074470 63294443
1 2000 11650273 15043790
1 2000 31966499 83612431
1 2000 18755412 31743290
1 2000 39007561 55635033
1 2000 15078658 25265850
1 2000 10990772 76497808
1 2000 8790116 25065809
1 2000 13621257 72866562
1 2000 640325 13379198
1 2000 1212603 71562034
1 2000 7667916 33458584
1 2000 4792784 36873245
1 2000 12655511 56576315
1 2000 16616296 59601308
1 2000 64285405 84425662
1 2000 23122326 33961950
1 2000 55416219 61903204
1 2000 51851234 59352552
1 2000 26921420 51602462
1 2000 290974 2094651
1 2000 44912625 46849140
1 2000 4681832 28865078
1 2000 25518554 80335144
1 2000 13812105 46297516
1 2000 8775221 66340972
1 2000 34743411 82926942
1 2000 53190191 73784996
1 2000 2825123 15981311
1 2000 25295154 85767185
1 2000 32849519 62131928
1 2000 1980724 63136805
1 2000 7981680 45584550
1 2000 392630 81951395
1 2000 36683749 73130224
1 2000 22532373 25125557
1 2000 57826299 59387912
1 2000 36081399 81654724
1 2000 39742696 46757382
1 2000 32839647 63432401
1 2000 70352981 82915168
1 2000 71115207 76148714
1 2000 32433736 35609554
1 2000 10212788 49355874
1 2000 8270458 59608187
1 2000 3455375 57494352
1 2000 8846455 18914354
1 2000 23885173 31954180
1 2000 59088241 81735120
1 2000 33340085 52963950
1 2000 34723231 58030048
1 2000 6711175 74145459
1 2000 45300030 79834953
1 2000 30633155 84109542
1 2000 13318155 56398477
1 2000 37046735 70830892
1 2000 35658835 42304228
1 2000 9305727 36974166
1 2000 76769833 83185325
1 2000 22860529 75808326
1 2000 5013264 77225200
1 2000 69148452 79058226
1 2000 692429 76351743
1 2000 9872829 43962804
1 2000 48304585 62783728
1 2000 16567571 25227823
1 2000 1723472 72129086
1 2000 36248362 61559987
1 2000 36965912 48037980
1 2000 69565572 81378202
1 2000 3477234 25838975
1 2000 15542131 38321773
1 2000 49391032 84614450
1 2000 43849596 73419288
1 2000 1616674 79739826
1 2000 6004642 41418246
1 2000 9205244 31929915
1 2000 54681286 64331740
1 2000 37136217 62291913
1 2000 15498438 35042026
1 2000 24070875 85940988
1 2000 8017677 14753159
1 2000 64178629 69515312
1 2000 56103329 84499654
1 2000 11862660 33845609
1 2000 31781801 74360441
1 2000 23925734 29734317
1 2000 55046212 68857156
1 2000 67710448 86003839
1 2000 9054807 62276803
1 2000 29310192 85180722
1 2000 11749490 62888975
1 2000 22666836 76690894
1 2000 66575726 68518879
1 2000 2542087 82897316
1 2000 5686622 34441242
1 2000 30119018 66973258
1 2000 12586140 75268646
1 2000 16376625 72237593
1 2000 8665090 36658968
1 2000 26007406 80677719
1 2000 27346209 56648569
1 2000 25539769 63841592
1 2000 1513639 48192574
1 2000 18197691 60279834
1 2000 1408998 9889500
1 2000 6759221 84483990
1 2000 17261237 20966839
1 2000 53916545 56192766
1 2000 53334732 80886496
1 2000 2228513 80773634
1 2000 39861042 60419641
1 2000 8368943 11111849
1 2000 4886829 77718247
1 2000 38101705 44724024
1 2000 60709486 67526924
1 2000 51926828 62758587
1 2000 73743247 85523041
1 2000 6281985 17722722
1 2000 57192214 72218372
1 2000 44644092 47629815
1 2000 46615415 64615767
1 2000 56644079 72172823
1 2000 61763034 85746870
1 2000 19145927 54374446
1 2000 49339925 62941939
1 2000 5659401 61286355
1 2000 9575904 47683129
1 2000 183635 59949006
1 2000 3895770 79440419
1 2000 31594914 63507574
1 2000 68259487 83011264
1 2000 11686492 54615675
1 2000 16970483 24110127
1 2000 47095556 57846976
1 2000 25603606 45042361
1 2000 54873291 78318865
1 2000 13573169 41428132
1 2000 11763424 64199917
1 2000 10422697 58967392
1 2000 31207058 75596302
1 2000 20431387 70024870
1 2000 45999681 66824150
1 2000 59194893 61844453
1 2000 54798694 58553944
1 2000 4965809 27789683
1 2000 6675384 37399803
1 2000 39149191 69667216
1 2000 32613940 54776586
1 2000 14551894 47450186
1 2000 33472358 46804860
1 2000 19619129 45830703
1 2000 4338084 20811156
1 2000 38864112 76777766
1 2000 16725595 76524342
1 2000 49955885 59917514
1 2000 62395875 72492192
1 2000 20306469 42077472
1 2000 24200500 45936965
1 2000 5310463 70972384
1 2000 27481643 43431216
1 2000 17793889 21310736
1 2000 4827945 10136501
1 2000 2582066 64035288
1 2000 19215083 52947874
1 2000 20203718 25591053
1 2000 20802928 71732170
1 2000 23822065 51514264
1 2000 42822255 45572004
1 2000 18617154 48665793
1 2000 16500791 48601203
1 2000 39007583 63262304
1 2000 7589954 36219708
1 2000 17149391 29925017
1 2000 17323642 36397616
1 2000 7489426 56674301
1 2000 32468055 83317282
1 2000 8909757 19041680
1
74542937
