500 499
1 2 0 1
2 301 2 3
3 440 342 343
4 28 388 389
5 245 518 519
6 455 878 879
7 40 498 499
8 423 840 841
9 411 738 739
10 415 310 311
11 439 228 229
12 416 434 435
13 116 34 35
14 362 522 523
15 447 274 275
16 309 714 715
17 456 534 535
18 308 610 611
19 134 674 675
20 237 652 653
21 128 526 527
22 327 860 861
23 376 788 789
24 268 700 701
25 112 44 45
26 101 218 219
27 36 328 329
28 142 390 391
29 143 804 805
30 445 940 941
31 360 290 291
32 86 84 85
33 399 748 749
34 235 8 9
35 378 562 563
36 69 330 331
37 140 458 459
38 414 402 403
39 492 586 587
40 398 500 501
41 371 376 377
42 258 950 951
43 452 30 31
44 403 266 267
45 408 988 989
46 402 580 581
47 340 154 155
48 98 116 117
49 242 398 399
50 103 834 835
51 313 758 759
52 130 530 531
53 329 160 161
54 231 800 801
55 68 318 319
56 251 892 893
57 102 730 731
58 392 546 547
59 495 368 369
60 355 910 911
61 412 148 149
62 20 650 651
63 159 350 351
64 275 656 657
65 109 744 745
66 323 704 705
67 293 26 27
68 183 320 321
69 496 332 333
70 339 828 829
71 328 208 209
72 158 178 179
73 144 346 347
74 141 102 103
75 284 246 247
76 344 300 301
77 256 200 201
78 252 438 439
79 491 678 679
80 210 490 491
81 419 688 689
82 389 80 81
83 169 692 693
84 281 494 495
85 104 982 983
86 288 86 87
87 16 712 713
88 113 668 669
89 400 270 271
90 157 354 355
91 499 512 513
92 436 232 233
93 462 550 551
94 168 810 811
95 85 980 981
96 341 410 411
97 476 882 883
98 366 118 119
99 123 182 183
100 53 158 159
101 380 220 221
102 194 732 733
103 320 836 837
104 404 984 985
105 96 408 409
106 228 126 127
107 277 280 281
108 397 358 359
109 33 746 747
110 18 608 609
111 460 382 383
112 214 46 47
113 189 670 671
114 70 826 827
115 201 444 445
116 205 36 37
117 422 854 855
118 394 772 773
119 269 214 215
120 488 864 865
121 35 560 561
122 244 628 629
123 318 184 185
124 166 556 557
125 135 144 145
126 334 920 921
127 4 386 387
128 52 528 529
129 331 242 243
130 17 532 533
131 424 644 645
132 479 254 255
133 267 822 823
134 79 676 677
135 61 146 147
136 117 852 853
137 498 192 193
138 107 278 279
139 265 818 819
140 236 460 461
141 347 104 105
142 471 392 393
143 208 806 807
144 63 348 349
145 264 64 65
146 161 420 421
147 203 604 605
148 481 932 933
149 139 816 817
150 126 918 919
151 336 902 903
152 405 464 465
153 221 52 53
154 232 74 75
155 395 762 763
156 229 132 133
157 108 356 357
158 99 180 181
159 90 352 353
160 363 20 21
161 387 422 423
162 321 784 785
163 184 480 481
164 352 794 795
165 315 972 973
166 121 558 559
167 91 510 511
168 325 812 813
169 442 694 695
170 150 916 917
171 187 164 165
172 431 364 365
173 453 224 225
174 51 756 757
175 165 970 971
176 446 576 577
177 497 476 477
178 433 632 633
179 162 782 783
180 132 252 253
181 164 792 793
182 465 958 959
183 473 322 323
184 216 482 483
185 406 98 99
186 82 78 79
187 190 166 167
188 60 908 909
189 19 672 673
190 450 168 169
191 34 6 7
192 81 686 687
193 50 832 833
194 484 734 735
195 427 620 621
196 55 316 317
197 441 886 887
198 330 636 637
199 241 596 597
200 56 890 891
201 343 446 447
202 457 538 539
203 110 606 607
204 27 326 327
205 274 38 39
206 209 306 307
207 147 602 603
208 94 808 809
209 10 308 309
210 84 492 493
211 167 508 509
212 437 68 69
213 500 996 997
214 294 48 49
215 358 110 111
216 365 484 485
217 345 682 683
218 105 406 407
219 225 946 947
220 480 926 927
221 278 54 55
222 247 450 451
223 131 642 643
224 262 284 285
225 42 948 949
226 303 720 721
227 317 90 91
228 307 128 129
229 493 134 135
230 211 506 507
231 29 802 803
232 186 76 77
233 413 138 139
234 122 626 627
235 434 10 11
236 152 462 463
237 64 654 655
238 348 196 197
239 289 336 337
240 384 572 573
241 335 598 599
242 38 400 401
243 350 616 617
244 178 630 631
245 14 520 521
246 357 592 593
247 290 452 453
248 477 566 567
249 182 956 957
250 118 770 771
251 401 894 895
252 407 440 441
253 148 930 931
254 196 314 315
255 37 456 457
256 282 202 203
257 124 554 555
258 435 952 953
259 487 664 665
260 270 992 993
261 206 304 305
262 421 286 287
263 58 544 545
264 212 66 67
265 133 820 821
266 429 174 175
267 114 824 825
268 66 702 703
269 26 216 217
270 213 994 995
271 461 766 767
272 372 258 259
273 467 60 61
274 417 40 41
275 390 658 659
276 478 708 709
277 224 282 283
278 374 56 57
279 388 870 871
280 177 474 475
281 7 496 497
282 425 204 205
283 125 142 143
284 472 248 249
285 54 798 799
286 3 340 341
287 458 966 967
288 227 88 89
289 286 338 339
290 255 454 455
291 12 432 433
292 299 962 963
293 43 28 29
294 153 50 51
295 137 190 191
296 364 848 849
297 179 780 781
298 188 906 907
299 287 964 965
300 418 238 239
301 191 4 5
302 306 14 15
303 305 722 723
304 5 516 517
305 379 724 725
306 410 16 17
307 156 130 131
308 483 612 613
309 373 716 717
310 22 858 859
311 62 648 649
312 220 924 925
313 155 760 761
314 215 108 109
315 428 974 975
316 174 754 755
317 351 92 93
318 337 186 187
319 266 172 173
320 8 838 839
321 23 786 787
322 280 472 473
323 276 706 707
324 146 418 419
325 149 814 815
326 490 372 373
327 120 862 863
328 474 210 211
329 171 162 163
330 420 638 639
331 75 244 245
332 234 624 625
333 297 778 779
334 312 922 923
335 207 600 601
336 298 904 905
337 295 188 189
338 151 900 901
339 193 830 831
340 100 156 157
341 459 412 413
342 324 416 417
343 222 448 449
344 261 302 303
345 192 684 685
346 240 570 571
347 314 106 107
348 77 198 199
349 333 776 777
350 195 618 619
351 369 94 95
352 285 796 797
353 170 914 915
354 6 876 877
355 353 912 913
356 57 728 729
357 199 594 595
358 377 112 113
359 44 264 265
360 468 292 293
361 172 362 363
362 21 524 525
363 383 22 23
364 136 850 851
365 443 486 487
366 382 120 121
367 230 504 505
368 316 752 753
369 185 96 97
370 359 262 263
371 375 378 379
372 370 260 261
373 226 718 719
374 273 58 59
375 111 380 381
376 181 790 791
377 48 114 115
378 248 564 565
379 356 726 727
380 173 222 223
381 279 868 869
382 426 122 123
383 67 24 25
384 176 574 575
385 95 978 979
386 65 742 743
387 463 424 425
388 469 872 873
389 32 82 83
390 448 660 661
391 39 584 585
392 93 548 549
393 24 698 699
394 349 774 775
395 271 764 765
396 246 590 591
397 361 360 361
398 367 502 503
399 368 750 751
400 15 272 273
401 489 896 897
402 391 582 583
403 89 268 269
404 45 986 987
405 451 466 467
406 74 100 101
407 115 442 443
408 260 990 991
409 296 846 847
410 160 18 19
411 386 740 741
412 482 150 151
413 283 140 141
414 218 404 405
415 254 312 313
416 78 436 437
417 25 42 43
418 129 240 241
419 83 690 691
420 223 640 641
421 31 288 289
422 310 856 857
423 485 842 843
424 311 646 647
425 71 206 207
426 106 124 125
427 332 622 623
428 385 976 977
429 72 176 177
430 263 542 543
431 59 366 367
432 494 296 297
433 198 634 635
434 302 12 13
435 249 954 955
436 475 234 235
437 466 70 71
438 30 938 939
439 92 230 231
440 73 344 345
441 200 888 889
442 393 696 697
443 80 488 489
444 464 428 429
445 454 942 943
446 46 578 579
447 138 276 277
448 259 662 663
449 322 470 471
450 319 170 171
451 449 468 469
452 13 32 33
453 11 226 227
454 219 944 945
455 97 880 881
456 202 536 537
457 430 540 541
458 175 968 969
459 342 414 415
460 127 384 385
461 250 768 769
462 257 552 553
463 444 426 427
464 291 430 431
465 292 960 961
466 154 72 73
467 145 62 63
468 432 294 295
469 354 874 875
470 49 396 397
471 470 394 395
472 180 250 251
473 204 324 325
474 119 212 213
475 300 236 237
476 197 884 885
477 346 568 569
478 87 710 711
479 272 256 257
480 253 928 929
481 486 934 935
482 47 152 153
483 243 614 615
484 9 736 737
485 409 844 845
486 438 936 937
487 88 666 667
488 381 866 867
489 338 898 899
490 41 374 375
491 217 680 681
492 396 588 589
493 233 136 137
494 76 298 299
495 326 370 371
496 239 334 335
497 163 478 479
498 238 194 195
499 304 514 515
1
997
