500 500
1 372 24 52
359 121 58 93
58 428 32 88
188 338 15 63
293 190 10 31
360 372 40 93
174 110 35 82
204 157 32 36
355 394 8 62
339 292 58 97
103 2 73 77
199 411 23 54
401 500 54 97
1 107 32 61
448 79 59 91
358 266 80 92
234 299 78 84
299 19 38 51
68 89 30 80
312 58 8 51
360 421 53 56
108 340 51 66
334 65 47 57
458 363 4 46
59 87 50 77
254 59 5 49
170 366 77 90
89 80 57 74
50 96 11 69
385 500 24 80
1 211 9 54
112 353 10 79
163 417 19 61
352 5 35 87
147 500 1 25
307 165 11 49
363 306 41 63
346 266 52 76
231 373 93 94
469 285 45 85
197 308 55 95
214 370 14 17
367 324 22 72
122 94 12 69
188 207 7 60
125 383 17 29
167 271 53 77
351 254 36 77
375 129 6 27
243 310 17 92
213 86 6 65
322 16 31 56
164 36 15 56
407 500 13 59
194 281 48 64
305 77 32 57
158 196 52 90
394 264 49 61
156 97 65 78
1 483 46 94
478 389 61 81
438 342 40 45
292 159 53 65
303 500 51 64
190 500 17 46
432 287 41 75
311 500 0 36
61 294 36 95
379 424 16 62
146 58 14 30
248 281 44 50
258 44 31 48
354 328 19 30
343 77 66 86
381 422 7 92
82 41 32 41
425 500 63 94
1 442 0 21
1 247 19 35
260 233 3 41
138 229 27 52
258 395 38 87
240 450 4 87
62 47 11 66
269 374 80 90
311 351 39 64
261 500 15 98
440 24 9 53
292 91 31 83
106 379 31 95
192 278 58 68
446 177 30 90
273 281 80 90
217 53 51 85
79 188 28 48
322 17 20 80
73 69 2 26
91 433 24 26
322 95 33 59
176 218 8 70
170 500 2 81
115 390 22 28
452 7 74 92
215 146 39 77
53 294 15 33
413 432 32 86
176 264 79 80
1 229 53 57
93 61 75 86
116 500 25 83
482 76 15 75
293 282 58 65
172 500 3 18
208 55 18 58
396 220 50 86
485 36 19 89
381 383 26 44
189 500 54 58
145 68 29 76
456 398 61 67
380 22 70 88
99 23 22 55
148 266 8 61
182 105 21 27
51 428 42 88
245 207 10 27
334 374 10 60
175 45 12 17
391 36 40 57
186 323 61 78
471 258 12 68
178 179 89 97
233 106 1 78
168 500 10 65
277 369 48 52
294 389 53 89
293 240 19 90
108 393 24 70
339 44 34 63
374 352 16 85
384 500 25 45
348 1 6 66
1 365 14 58
485 500 36 62
98 89 47 83
57 371 59 88
167 429 29 98
239 176 22 26
320 500 5 85
259 41 24 44
424 2 20 98
1 301 35 38
233 249 70 75
211 296 11 26
400 391 41 63
195 301 74 77
89 282 7 56
287 397 11 97
52 346 59 96
282 500 6 43
276 6 20 54
57 500 2 76
96 34 37 39
1 115 28 96
478 40 57 84
138 4 17 73
332 73 33 89
477 390 33 99
480 30 22 98
1 162 25 47
270 286 14 18
343 160 88 92
219 415 45 67
251 91 70 96
267 104 0 18
178 444 5 75
164 70 23 52
221 288 78 84
111 176 24 26
163 379 27 59
443 233 52 94
75 61 72 74
228 107 25 60
195 104 64 71
73 330 61 88
1 171 73 83
357 425 59 69
230 334 23 26
1 69 22 27
282 296 30 71
432 377 30 82
309 350 37 69
148 186 38 76
95 151 55 74
255 47 19 42
206 101 24 64
281 328 54 73
259 227 63 69
359 326 25 65
458 113 76 86
278 259 21 95
399 373 20 24
100 500 4 52
276 138 60 84
327 8 4 86
140 36 2 4
423 340 87 94
273 428 15 30
373 500 32 79
93 47 31 59
96 15 3 5
299 183 14 87
393 245 25 70
69 66 4 51
454 352 58 81
164 227 3 65
1 403 40 74
103 388 32 48
427 33 18 93
382 5 13 92
368 20 51 59
437 177 84 87
413 82 46 82
462 168 70 87
199 500 10 41
73 87 53 62
471 401 18 20
256 239 59 89
449 447 80 85
1 25 59 99
81 445 67 83
76 99 1 61
380 106 62 90
90 272 69 72
441 77 59 90
310 394 44 74
357 349 27 71
481 121 15 67
236 240 54 64
104 66 43 75
265 383 4 96
467 168 10 59
339 222 32 92
237 249 6 13
112 48 62 80
453 403 9 34
1 338 37 79
271 80 44 47
102 35 23 92
396 366 30 71
205 285 2 9
407 391 1 37
186 441 3 91
318 188 22 50
1 446 28 69
134 271 6 19
371 391 21 22
227 138 5 40
145 428 64 71
157 430 51 83
1 259 22 87
443 32 32 71
491 400 39 90
316 500 85 92
290 374 66 89
253 422 28 32
64 104 2 81
420 163 28 45
500 301 32 47
382 307 0 45
401 245 32 53
1 304 45 54
79 195 20 51
449 222 44 78
478 293 2 71
370 268 49 63
228 500 15 87
113 322 18 22
423 239 36 98
294 307 45 61
324 500 62 82
452 426 8 14
237 188 19 97
249 500 14 43
235 284 51 85
84 247 56 60
299 297 8 37
421 72 3 18
266 207 7 40
404 361 45 85
1 499 40 45
376 171 31 65
183 355 20 80
297 351 7 86
455 415 32 97
462 59 30 61
121 211 39 51
267 31 31 43
268 48 63 84
107 244 79 98
377 105 4 5
156 44 5 96
111 447 77 83
393 431 60 71
1 109 43 50
398 377 48 88
105 53 4 45
1 223 31 72
201 300 86 96
426 334 4 25
86 220 9 95
376 319 49 90
1 170 16 73
360 164 1 18
441 153 24 62
299 238 73 97
433 267 19 57
58 387 8 59
367 100 66 96
206 215 0 12
325 388 57 95
201 278 25 90
229 324 42 72
380 47 2 34
452 143 53 75
356 421 46 95
1 489 39 47
98 433 3 56
454 192 2 42
376 271 71 84
137 336 41 60
377 500 1 10
68 325 16 68
67 143 86 90
462 39 10 89
242 193 72 83
425 292 11 90
122 118 23 29
421 140 23 49
396 349 35 74
185 194 6 38
68 278 73 75
319 203 43 82
451 145 0 87
299 500 11 13
128 500 70 81
62 204 32 88
442 408 35 61
352 265 73 80
389 179 4 94
1 188 32 84
312 180 10 45
311 155 12 91
486 289 31 95
1 72 12 99
294 438 44 50
1 321 17 67
1 253 35 75
281 18 2 81
297 184 15 68
273 500 23 80
423 127 57 85
434 20 8 25
332 335 28 52
265 500 71 82
1 443 49 93
175 148 3 18
1 490 16 64
124 436 15 35
325 106 6 85
225 80 14 49
314 279 12 25
111 369 76 95
176 284 35 52
281 100 18 62
193 349 3 41
411 308 39 83
226 57 46 56
1 297 44 73
413 414 3 57
283 39 85 86
348 226 38 52
1 4 41 75
451 206 61 90
228 238 49 58
1 19 36 94
110 500 36 49
383 339 9 28
336 500 51 54
494 104 52 97
387 73 39 88
67 262 5 80
347 261 70 78
434 6 65 68
267 173 24 84
389 7 47 77
212 252 43 96
1 340 20 53
183 420 13 78
82 68 17 37
224 500 37 55
108 500 2 78
292 200 45 61
1 387 1 2
235 291 26 85
196 386 60 83
412 500 57 91
1 204 11 75
1 412 14 32
431 120 73 96
364 500 40 59
1 470 19 75
438 247 11 35
331 125 3 84
332 225 2 81
315 100 42 91
486 30 6 20
319 397 29 76
116 315 40 73
52 208 72 80
331 500 53 74
453 293 6 16
174 500 13 28
368 373 73 97
305 124 25 33
417 317 35 89
66 159 15 73
239 435 40 92
293 272 20 88
1 273 8 46
380 500 88 89
309 300 0 37
481 299 44 66
469 132 14 64
419 420 38 58
340 106 70 84
260 385 29 37
371 4 23 54
328 210 39 52
132 386 7 61
437 315 10 81
459 109 18 47
444 9 82 98
235 500 22 88
391 32 87 91
107 274 81 90
351 197 23 36
157 37 23 68
271 437 12 25
231 121 37 59
251 273 81 91
389 171 9 76
332 500 33 80
50 164 15 61
265 8 4 54
213 500 19 40
479 251 24 89
103 426 3 79
216 416 24 79
138 324 18 92
157 95 19 25
1 494 43 89
149 122 21 74
467 8 36 43
374 242 3 51
191 217 53 83
1 491 17 85
290 387 44 68
287 295 0 1
167 500 29 67
129 69 36 46
218 63 11 60
166 50 31 46
64 328 13 73
1 381 25 88
61 99 36 47
452 7 88 95
186 258 69 71
201 326 23 28
202 89 12 62
329 72 7 97
319 306 41 98
122 108 14 52
72 189 0 70
346 241 5 93
292 138 11 94
369 500 5 9
65 21 79 94
1 494 40 79
338 60 15 39
468 289 9 71
438 216 20 75
183 500 57 93
338 500 56 83
124 500 46 52
136 273 1 21
1 217 41 84
59 284 46 92
373 155 82 88
1 75 54 84
1
62
