20 500
6 13 10 23
18 1 1 26
1 2 6 44
7 13 32 40
20 18 43 47
20 1 22 42
17 12 7 22
4 6 21 29
6 12 2 8
15 6 17 39
20 8 21 40
14 17 39 42
16 4 15 37
16 20 0 2
9 10 5 44
14 15 6 44
18 12 6 18
12 8 14 46
19 3 25 37
14 13 11 25
9 10 7 31
11 18 2 7
19 18 15 41
12 10 4 35
18 12 29 37
13 18 12 18
8 20 13 27
15 4 39 42
16 7 2 41
10 1 4 17
2 9 5 18
4 12 31 47
6 16 15 23
18 11 17 26
8 1 5 38
11 20 7 33
17 6 37 45
16 14 30 41
14 20 5 33
8 20 8 19
15 10 6 31
8 17 25 49
12 17 25 47
9 11 14 37
17 13 23 25
20 11 2 24
15 13 29 41
5 20 34 37
3 13 13 28
12 7 28 40
13 6 15 38
14 17 41 48
14 15 6 21
13 11 11 33
2 10 10 14
16 7 8 34
7 9 31 33
4 11 7 8
4 6 23 24
7 8 22 43
11 16 3 16
9 20 13 24
20 1 11 34
2 12 12 38
17 5 8 46
2 5 31 38
14 4 14 37
3 4 30 33
14 12 9 35
17 20 25 47
20 8 3 27
5 13 2 32
20 13 40 41
7 8 5 23
15 5 4 22
4 18 8 12
1 13 3 10
16 8 30 39
12 6 35 39
16 18 8 41
14 9 1 42
14 7 22 29
1 10 12 13
6 20 24 38
4 14 5 34
1 19 3 22
7 12 23 42
12 20 11 21
14 10 3 49
19 2 37 45
20 14 14 16
9 15 25 44
8 18 36 43
16 3 22 36
4 8 42 48
14 13 23 41
9 1 6 11
17 20 15 38
7 1 10 25
18 7 19 36
15 18 8 28
14 20 0 35
18 17 26 37
8 5 16 35
15 2 47 48
15 18 26 43
2 9 30 31
18 5 10 30
15 12 10 43
9 14 31 46
9 12 11 45
12 15 5 43
12 10 17 18
9 13 43 45
17 18 10 18
7 11 2 10
4 5 35 46
20 16 37 41
16 6 13 39
14 12 18 25
14 9 20 47
20 4 11 21
8 9 3 16
12 5 23 43
13 7 16 17
3 1 44 46
16 5 15 18
2 17 14 42
17 20 8 9
1 15 23 44
13 6 10 13
2 15 0 7
19 9 3 13
8 17 6 46
5 16 2 31
7 8 15 30
19 15 9 31
8 20 19 26
18 14 23 24
19 9 14 17
11 16 18 41
3 20 5 40
18 8 27 28
14 13 10 22
8 5 7 44
5 10 27 28
9 14 27 41
5 6 37 38
2 15 0 40
8 13 17 29
3 14 3 5
19 12 40 44
13 4 3 4
7 8 35 41
20 16 12 22
5 20 13 31
3 5 30 41
15 18 12 26
17 3 6 43
4 8 16 19
17 16 36 41
19 17 4 29
12 17 12 43
14 5 9 15
12 4 21 31
16 11 7 42
16 11 27 35
12 17 43 45
12 14 1 41
17 7 20 27
16 1 38 44
2 8 17 46
2 11 8 22
10 14 13 41
18 1 22 27
12 7 25 32
7 14 3 13
18 7 15 34
2 14 3 38
5 6 22 47
8 5 20 21
4 9 18 30
2 6 4 17
11 8 44 47
5 6 35 37
6 14 24 40
11 20 20 48
11 12 10 35
10 4 18 41
16 17 5 43
16 17 27 32
5 14 7 8
15 7 30 38
6 4 9 28
8 3 34 46
18 17 3 14
2 12 5 35
16 3 1 23
15 4 24 35
7 11 15 45
6 2 15 40
12 1 5 10
16 20 16 41
1 2 14 39
19 9 6 25
20 7 31 36
15 18 9 15
2 20 28 32
13 14 19 46
9 16 3 45
15 3 2 24
8 14 16 42
19 8 6 42
10 3 24 32
10 5 19 37
19 3 11 43
1 13 10 17
18 20 15 40
19 2 20 38
14 15 14 24
14 17 12 24
19 18 22 29
17 1 2 28
13 2 6 44
17 18 10 39
3 20 48 49
5 11 17 34
14 20 37 39
17 11 11 41
5 3 1 33
19 20 3 41
5 12 16 28
11 14 17 38
13 11 2 33
15 17 33 38
9 5 8 39
11 3 17 28
16 4 19 28
5 17 9 39
19 17 17 28
11 15 6 41
9 3 18 27
18 14 11 31
15 13 1 40
9 20 32 35
15 20 40 45
14 15 4 42
15 12 13 30
20 15 26 43
19 10 11 30
6 11 19 20
1 2 43 46
7 10 16 23
12 20 26 35
6 14 36 45
11 18 24 47
4 10 41 42
6 9 6 40
1 14 7 42
20 1 31 46
18 17 17 29
17 4 5 21
14 20 13 18
8 18 9 41
6 10 20 44
19 9 28 45
3 9 26 43
8 9 5 16
2 17 30 46
7 11 8 38
6 4 18 26
19 11 0 11
3 16 6 18
18 13 23 38
1 11 3 46
14 13 19 20
13 8 11 38
11 12 29 40
19 8 4 29
15 1 22 44
1 13 39 46
19 16 20 25
13 8 11 17
1 2 7 37
14 13 16 38
13 10 9 27
14 18 5 30
7 20 1 27
2 7 14 47
11 13 1 33
6 11 27 43
20 8 10 36
18 14 12 26
1 2 12 18
18 12 10 12
2 12 7 26
4 8 29 37
8 4 16 27
14 9 6 25
11 16 12 19
12 10 3 33
6 9 20 27
5 18 3 12
20 7 1 31
10 11 6 40
8 20 9 43
20 7 14 15
2 5 1 49
18 14 23 48
20 18 34 46
13 6 18 42
18 16 15 39
10 11 15 47
6 12 1 2
1 2 0 30
13 10 5 48
7 17 10 14
12 9 8 23
13 20 34 45
11 4 3 8
1 11 6 8
2 10 13 44
2 15 5 11
19 7 12 24
16 2 21 31
19 9 5 6
5 16 20 40
4 11 6 21
15 17 5 28
16 18 11 24
11 17 37 40
6 15 22 23
2 15 10 32
1 11 5 47
15 13 34 39
18 12 16 33
19 15 21 27
1 11 32 48
16 7 32 36
12 1 7 37
1 6 20 34
18 6 14 20
14 2 4 10
7 20 0 27
14 20 28 36
10 16 8 25
13 8 45 46
6 7 9 20
1 10 11 19
4 20 2 48
1 13 27 32
16 3 6 45
11 15 7 23
10 11 10 37
18 1 2 10
19 2 32 38
10 4 0 18
1 15 3 27
4 20 38 45
8 2 13 20
6 2 5 32
18 14 20 28
3 4 41 42
17 12 13 39
14 16 14 17
13 8 8 21
19 12 19 47
5 9 6 33
1 8 9 42
1 12 12 33
4 6 0 42
1 19 24 39
3 11 13 41
8 20 17 29
12 6 14 22
16 17 13 34
8 6 25 31
12 14 9 46
8 14 29 41
1 17 4 35
5 16 3 40
20 1 42 46
5 14 31 44
3 8 19 32
20 10 16 23
12 11 13 25
12 17 10 41
14 2 45 46
12 17 8 35
12 15 18 19
14 7 41 48
8 4 24 33
14 8 22 45
16 20 35 40
16 4 14 31
17 9 26 30
10 12 8 26
6 4 19 35
15 17 14 37
14 16 16 20
5 9 1 33
20 5 11 28
2 14 7 18
9 5 12 21
16 7 20 30
19 18 25 39
10 15 8 25
19 17 8 44
9 18 11 39
13 15 14 29
9 11 13 29
13 11 12 29
20 1 10 43
1 9 27 40
12 2 11 29
10 11 0 29
19 18 28 43
1 13 23 39
3 20 18 43
11 3 7 43
5 3 4 49
9 8 24 28
17 18 26 48
20 7 4 43
1 2 24 47
7 12 2 9
13 4 23 44
6 16 9 45
13 20 42 44
13 18 26 33
20 3 29 38
3 20 20 41
14 18 8 26
4 2 5 17
12 13 1 33
5 15 4 38
3 6 12 13
2 20 5 40
16 3 12 22
7 8 7 35
14 15 1 43
5 18 17 39
6 1 14 27
11 9 22 27
12 16 32 47
15 13 0 14
20 15 11 39
18 3 10 18
18 1 13 43
7 9 25 29
2 3 24 48
2 11 38 41
13 2 4 12
6 15 10 21
2 20 17 25
12 5 38 48
18 8 1 29
16 12 8 32
8 20 0 33
17 2 11 25
1 8 7 47
6 18 13 27
3 4 1 11
1 16 4 14
20 7 19 31
18 16 11 47
14 3 9 16
6 12 20 40
15 3 30 31
4 14 12 32
1 14 28 42
9 16 4 11
4 11 28 29
19 17 9 42
19 8 1 25
5 13 13 39
11 3 36 42
8 20 9 38
6 4 19 24
4 15 10 27
14 1 30 31
3 1 10 29
14 13 2 35
16 5 18 44
17 11 1 24
9 11 12 29
3 8 6 25
16 7 29 36
18 2 0 9
11 1 21 28
13 2 24 29
7 14 22 35
16 3 6 21
9 20 41 46
16 18 30 46
1 19 13 43
5 20 27 43
8 20 19 22
12 1 35 39
14 5 4 18
1
32
