2000 2000
45 30 8679293 49968942
30 29 64501620 73190202
1 43 27159577 80535180
32 2000 10730878 53546138
82 74 28524412 33416216
98 49 34170586 85100178
86 52 33360313 46914522
76 10 25798018 79879991
19 28 20373696 46683510
63 58 17257986 23541186
35 39 22021730 23092001
39 14 15059894 39017312
79 80 25856558 72910340
98 2000 39367540 70800477
45 78 67889904 85830369
76 74 31391957 45370241
18 74 39094099 66302894
76 38 10229990 23815218
57 44 19661555 79184146
89 38 52591860 53371387
18 49 6363676 43510579
70 38 20422294 57421687
84 27 22285896 51803648
21 52 62112441 65337762
17 48 3156457 59095160
70 74 11476678 36492441
15 7 21946819 81216105
68 2000 11537832 37339938
82 61 5517481 36396910
45 40 34515455 85602724
86 46 16427405 55799759
28 9 15588115 58896233
12 41 45873145 53377122
74 14 8015237 72554119
68 12 4194393 26608502
18 2000 43448274 73292208
10 62 48430620 73112947
38 49 7380088 77295171
77 52 13205463 59619369
87 64 25847899 36547396
23 77 14226078 85105715
76 78 51156014 80640326
1 20 64969185 65595809
49 32 41400419 52296609
15 34 14179745 39691979
87 75 20014559 66263998
1 16 18242156 54400988
48 6 28027320 37420336
42 2000 7666644 25131498
15 87 29102868 69873237
34 1 31884667 39906639
97 81 13617453 15175718
1 90 21211988 72294092
80 83 13938818 45906315
31 79 4401688 32589883
95 81 28659000 39821314
39 2000 48267413 62582968
77 50 40826493 51989485
76 5 24856112 31098233
49 65 44772426 62574751
40 48 46311 55459257
61 2000 34546432 62804116
52 53 23190562 63917821
80 12 11470291 64853444
62 26 17111741 86047595
79 64 17981363 24068591
99 39 49158500 70981139
92 47 1592999 12803530
1 81 1304970 8247831
67 19 22017504 33369210
97 45 12194940 37980498
84 20 19372838 63794201
78 60 41610231 52402378
1 83 30414886 81084365
1 30 32440785 61618081
28 76 67303276 86379747
50 41 12912235 35217232
51 68 19421106 30567887
77 31 6705856 44927792
60 87 29575689 77004290
1 42 46455608 73770294
35 1 9664744 58824571
43 10 18782183 20377521
82 58 3542212 33095339
25 19 24536488 40477816
55 2000 51854675 59591926
18 1 2324703 60292724
52 34 9235839 76223138
43 63 1772829 66182658
78 2000 22111968 60049960
87 16 2859757 53527376
13 56 1434869 30399249
31 51 11790270 69201475
78 88 37036088 69032433
80 57 55510498 84632459
100 41 31441486 60526579
38 71 59945533 76712519
73 35 61506247 73135742
41 13 35535206 42952356
71 85 54367123 59874063
27 85 73985227 77825744
55 56 49455073 67807713
60 49 39149012 59574324
61 23 4227778 23663481
97 62 3300686 46147603
98 52 22816191 68199735
54 48 23806927 39781802
66 56 25900525 85118366
1 65 15590588 28756322
50 70 18608832 60336313
56 68 7509923 32086231
35 45 19638054 55601048
89 86 5407169 47731106
97 18 4449372 18678746
20 43 7771413 42294376
73 7 55819519 67619047
53 35 15518214 84084856
40 46 6802782 17551499
27 43 40366122 68284368
71 72 24935172 33374800
42 2 28232957 72165084
77 49 17346321 69028374
78 85 2423509 50997638
56 48 60830367 82895309
66 27 3201745 18914402
18 1 47695622 70125496
25 42 60861190 61307992
76 32 50568607 83264400
50 77 32694577 70915738
95 2000 73901559 85977016
51 50 36225901 67940729
94 49 71069111 76579747
39 53 7808352 51504232
73 1 38921988 74403493
43 54 22942599 69801817
29 4 35727167 61201215
23 2000 848048 33789503
26 89 56824678 67051326
86 47 43408476 51970669
60 4 35082736 72501472
23 31 20549838 22023355
70 60 3293262 68646275
93 31 2064931 10300927
59 55 20955315 28977281
35 54 16188934 65613060
49 11 9241709 79628125
1 2 7628842 28049425
50 6 35187577 85197508
69 74 38405046 40004170
71 89 45946250 71835831
11 22 18545069 48434773
51 85 64800 44521391
1 56 34863428 54522402
74 2000 10497451 29296564
52 27 23893938 51648527
56 89 2178530 78035965
27 2000 12113566 44221108
50 44 23931559 81260629
61 3 66912348 70234734
18 10 49046940 54142192
76 59 20243240 38552962
97 2 60255727 83470356
87 58 37806073 76015240
91 46 34705882 64088423
22 13 66244273 76118828
47 7 45169160 47090270
11 75 13834771 22454154
85 58 625167 52849562
70 16 16723360 44804505
13 3 45602646 47556731
84 72 42415268 70274340
10 62 39251165 72758176
29 23 1313141 20435160
1 41 11017250 65886616
39 22 37916149 71363705
65 87 6930579 62099665
78 90 15762081 72999203
74 8 47624817 73867293
33 36 3081826 39440011
1 89 66107429 80088110
76 2000 39175635 78058554
50 83 10380164 80406579
1 26 49766496 78789096
72 51 27473752 75158061
45 84 18546243 60022623
38 16 35151439 37240431
61 2000 4459494 77029224
21 4 30273648 33496417
55 52 53524067 77246200
93 34 29869635 30460127
47 66 25580966 79733543
12 22 2791691 80371379
15 81 41259408 83606970
100 57 4516928 26110390
1 82 24071301 84797937
72 2000 1681280 42589416
94 72 42334221 54311486
77 90 4737798 77109435
1 61 8278435 57502937
1 24 75965514 84238374
35 74 8430849 25215802
91 41 35723977 78050551
14 13 40287291 56893282
20 72 4070351 50728242
100 37 38762286 58603799
46 2 48743665 73113989
81 2000 3871038 55096968
12 40 36251810 55584811
64 89 54752058 71951100
44 31 17541935 81884468
88 10 1670535 48437221
1 17 12226220 18396725
31 7 52451988 69753595
28 12 44092480 83683435
97 74 4680352 33837490
27 50 80555451 82921654
15 24 9525212 69760738
91 58 47132609 68255450
1 5 3025566 16400417
58 2000 70168905 79790500
37 76 72479394 73563095
88 42 9092915 42995364
45 51 45610812 59674174
59 79 52826024 70844038
74 46 4032447 15935604
53 85 46059230 59657875
97 34 32974369 73011473
56 14 30997383 45499195
89 84 34908844 80012354
100 7 14972843 85453744
64 74 15240320 61143084
1 82 60542264 74002072
68 73 53201937 67713022
1 84 66945625 85119510
76 71 77016480 83371221
1 11 3969826 7299756
58 52 53095421 84024755
71 33 15310893 71470619
80 11 23635358 64027250
62 36 16471161 35790783
46 19 35956953 35965390
25 82 72956899 78399937
76 80 42811597 78398513
32 12 26450548 68577320
68 44 77101640 80406381
72 41 20610107 33849865
85 59 21929639 42801278
17 44 10066761 46994082
77 12 15227148 34735467
8 2000 38244406 49271560
65 75 34175822 72310641
1 87 28988669 74960107
84 22 1190838 63519281
97 38 65839380 68806480
74 73 14233760 20297455
1 18 74926770 77433800
37 67 12870012 26855085
66 9 59129197 70812711
1 43 13688113 60631860
89 78 59520326 69110851
13 90 63803542 75631997
81 69 4808075 20607014
75 32 67543758 76019692
84 22 8428296 83941537
97 23 40895135 75374080
73 64 20031553 30316480
12 80 58773611 67719515
13 23 9051406 9611530
76 6 6414600 30666152
30 74 6114083 11430457
45 87 41828226 64346633
97 29 37171583 52498107
71 2000 9690824 82412302
49 80 19280310 25876958
40 66 22678113 39908680
20 49 14314354 75495910
41 57 66373814 82957570
44 2000 50592495 52821349
43 13 26099495 30287703
50 74 20414715 50050244
1 46 28217458 28495037
67 88 10219752 13619815
60 2000 862601 68746164
25 5 28108680 43325662
96 38 28669746 75333531
21 2000 24142084 72759719
88 26 10172262 68878868
30 6 21560573 83472403
85 2000 4660616 44821002
76 2000 7995983 25449759
55 89 42253382 74390076
32 2 21295111 58601858
54 75 8903140 77894154
71 23 64073269 64140679
82 33 1480216 50977713
76 90 19975156 32569266
73 31 2282094 3871120
45 63 58462594 66469882
17 18 12172582 71111904
68 54 13294478 74326763
1 35 10711370 14822435
90 45 890797 34134895
16 50 43003354 74758162
62 53 9915464 12137641
94 2000 66656644 77858484
59 40 53168400 75233908
57 5 21641758 51569737
87 2000 58723724 73748828
13 88 15197026 19701602
27 2000 19945195 59380239
92 72 247920 68000951
18 19 41381739 85284855
34 2000 41833948 50284732
86 55 9818310 47867650
17 89 33190664 68595216
70 57 16531099 33592157
45 21 31511911 55358684
86 2000 16009860 47804581
78 57 46850268 51244881
88 45 62294867 82216495
74 15 5998124 81542352
11 69 41362658 56883164
31 53 27410646 73871968
49 43 41490836 52789129
17 89 1034953 28272644
93 44 33859532 78595383
14 56 38037488 39005800
98 2000 58702676 85265308
96 19 4331085 24370718
49 69 68038673 77497410
20 44 18107648 19336000
75 44 14800591 69633651
68 70 21518912 48203773
58 38 6696640 63490659
13 77 12611053 15247285
14 84 9685542 24717228
12 69 54782568 73459765
94 49 60033370 63703602
15 9 40478264 82443564
47 9 2480810 83079097
44 80 15327190 32587817
68 56 3028715 16964104
94 7 4662428 79635587
21 16 19824803 57673508
1 14 39701172 83154045
32 26 33756545 61046051
60 58 15675614 72740166
71 22 29798516 50747233
49 2000 16242714 20607886
70 4 25951001 73600858
1 54 40670857 47907145
86 70 59708244 76364801
1 8 37958629 63906592
58 76 29750349 74995605
66 30 56932781 60818303
94 15 63654326 79029902
48 65 51379184 74050229
38 2000 27654109 35692404
81 33 51984140 62548122
66 53 62157245 80045674
52 27 37315242 83991879
81 67 9251053 28377977
54 90 52859259 62037405
61 2 9978313 55660699
92 2000 19799301 45448765
1 60 44600693 65021415
27 26 11735882 59382156
68 3 20280776 80810013
48 76 8878997 69714372
82 70 50115575 53239368
1 48 55956213 67218179
61 84 46126576 63868490
100 58 58075452 82505119
29 20 8619585 25988455
30 18 18879281 32122920
73 4 8299008 52594018
56 15 41546592 63207303
46 29 17654627 42850917
1 37 38302423 39994023
49 2000 8155265 60570546
12 64 5236538 38668548
70 71 245260 80141823
89 28 27768305 40238528
35 43 1370210 37636290
95 88 6685088 58887866
10 71 10916695 21349488
80 51 10385800 40909453
44 76 52559461 64020945
45 24 4902249 68592789
31 71 15184111 56765072
1 80 36321486 70808486
77 11 41597072 59026736
82 9 3867493 22845732
28 46 15376930 59053050
10 8 12365888 53388752
87 1 43112942 47036681
13 18 14031677 38491563
26 74 19178289 45184388
35 50 53882080 81763546
51 21 1460425 67250958
44 2000 40631110 60848659
44 32 1267065 72064344
1 52 4300455 71064478
76 64 30928359 43202806
44 16 5499166 7288163
1 86 17324294 55177640
69 82 32713133 37893642
81 68 58700770 74203716
94 24 2698870 52426614
10 2000 34227054 49080486
30 89 8144388 30775036
63 79 55064648 57912087
31 26 25429538 27614521
45 2000 29689617 71098119
15 32 6508536 83828232
18 66 22801635 25284755
1 57 30167066 45992901
30 77 75274835 78921041
50 23 52641614 75052388
31 17 14012701 35248868
46 36 31143200 75205595
77 30 18283817 51727169
1 5 14151511 39495338
67 46 9084545 32775923
11 20 54484914 77645069
20 42 27213030 62398924
69 65 28780170 76866291
55 50 69461570 78768004
92 47 62205727 68031085
1 61 19538013 60599768
97 40 3711734 80332635
48 35 21380904 56822462
71 59 72010045 81347040
77 2000 5569102 27313784
65 73 2432929 57208248
76 6 48560172 56947077
12 37 66107753 86324971
60 2000 41906282 83291696
1 59 11511770 39832915
55 2000 7198255 43214195
87 29 17282652 84117051
19 1 10388420 19032354
51 17 54850018 60292495
43 44 7809460 62723337
15 48 14845686 68601665
99 19 32454411 33573309
58 83 4091355 82004468
56 58 14342908 44087097
49 56 15748322 66416923
98 18 40453643 66011509
100 58 14200886 33068160
92 78 17952226 22822471
11 20 39394909 62400443
1 66 8612205 57905720
94 48 15556210 58282568
73 51 36581190 77350159
73 42 1851916 7248002
16 20 16113514 29225990
32 29 18674593 63892309
86 50 15550488 83359524
10 48 25068427 38932923
48 39 27566423 46445140
1 87 21084804 24923324
24 85 43365199 73896509
55 35 34722151 57328177
21 85 24777289 24922669
87 79 36230860 64919276
71 2000 12482050 19745883
52 37 2659748 49290740
14 69 32851426 56788027
23 8 22027665 64110671
46 39 69549592 85970130
11 72 18535222 42425255
43 6 61768029 75148970
11 69 14842952 68489456
82 39 16347606 43958228
73 3 38398890 85295239
1 48 30322688 67046199
91 20 12154690 68751949
38 69 12137536 30096540
83 25 9528004 74977518
13 85 21500792 57604211
77 9 2472110 85928497
73 74 58788037 60085718
53 64 13995421 20940842
82 18 9775397 76717153
80 53 16736762 55955051
32 76 39712640 85096426
57 26 57204693 69769356
1 82 11231685 14322903
51 11 33854914 47606594
17 44 23732194 72365461
75 53 40267422 54448128
65 5 5652038 76236044
59 36 34863274 58722258
68 2000 21507447 85927616
78 30 58349905 69527045
41 74 52034962 80702673
81 34 43873280 70715016
1 72 39433586 65291760
68 54 30214701 84143043
15 2000 9065281 18111332
1 29 22751839 56332410
31 53 44872660 45477597
18 72 62915802 77759622
97 56 27756652 81544497
1 44 34881037 43946261
10 8 15240831 53771794
97 72 43309371 43547063
49 2000 7219653 56392011
14 8 55431045 61326105
63 45 57880494 59216562
24 3 44982721 70461397
18 24 1908109 80097273
29 52 7585408 51402952
50 51 69245225 77574623
63 35 37768139 78688895
1 20 27756107 31575615
63 67 66497870 74477064
23 53 2737965 48464858
56 87 21788360 35752339
1 78 13707301 16900753
1 26 28465363 29577810
10 2000 13173096 23220749
1 77 37826116 85682155
93 2000 11370849 32590995
72 74 59360276 60369051
83 28 28429633 33394978
50 27 33334447 56036032
1 84 63939356 68441313
17 52 46487688 60418991
84 40 1679997 74548888
55 48 34506699 72394442
43 44 4340389 53139849
1 78 71805454 77475335
30 65 43178362 76709706
69 35 6164754 16866083
1 21 3259009 58050621
72 62 43281159 77494362
62 56 2725112 71218387
100 15 12017549 49427963
77 65 32563006 80397568
24 88 35040734 35776354
82 9 78662543 78889879
44 77 28989651 70958015
21 2000 21177707 49276103
46 5 4728570 79866723
84 13 26946085 62169120
29 27 19813762 65527461
20 37 10103172 12962923
56 4 29298716 65763135
23 2000 64677562 82746426
80 2000 14077513 50749073
97 27 52538090 58667033
2 2000 5833228 26781664
42 83 72726257 85401495
13 86 5078679 68713332
82 33 46120421 69466397
29 12 12185137 38946691
12 77 21732118 63322469
30 67 30888910 58878097
28 84 27571489 40327630
50 88 39688398 47997744
63 2000 18416396 48655953
26 15 63420261 67533708
67 72 12708003 45652110
93 2000 7041120 40015969
72 82 26917476 70554819
26 2000 1951314 44227944
32 50 1817445 59984256
80 58 20907962 74237265
19 4 33502517 62050250
52 78 20845657 41784664
71 49 43827684 49620812
65 30 11045149 52562326
23 55 26031687 33857783
92 24 30191603 30521740
43 57 14596581 59750884
1 23 28289165 64088457
25 43 35666675 64337970
71 50 25863664 76201955
76 87 4667881 26807196
41 22 36366886 75984589
60 18 49020178 76219808
61 2000 13811162 71360102
72 59 60933520 68748683
19 2000 3673593 13166926
37 66 50334690 71976246
22 27 59449458 83242658
22 42 9257750 13596946
60 57 5476791 72338123
16 17 2082991 71128492
100 16 48376896 57417450
39 23 30429688 69914517
100 44 14446693 26602488
21 3 20621681 54962715
27 85 7764612 80184366
1 37 16024461 68922138
61 70 50680700 63162237
20 39 25762002 40781320
22 13 2148025 25964949
14 2000 32665916 77474952
74 67 23293206 69445431
88 33 14312805 74908199
68 5 14020470 80233284
45 58 25684092 83242755
35 2000 14908121 83640493
29 77 32531340 61086425
51 52 52252821 56843421
90 2000 46034180 54286304
41 2 11446086 34600540
60 2000 22749821 23008020
96 64 2283679 66404124
14 61 39533026 80819093
72 19 3982857 21123549
39 2000 18954167 77285764
14 42 33446469 36706988
49 83 40326217 55653107
61 2000 20075699 63390913
1 75 51401434 58618907
98 69 61959015 86367255
1 14 67295012 83468020
76 2000 1420369 20930707
84 69 39013482 70953683
15 19 15328601 52862828
70 38 48423397 80464067
35 86 39425824 59183484
21 90 15885484 44902345
95 73 41976393 80545005
66 69 35118900 53774561
99 65 4790053 40049875
89 77 26393548 70186175
30 28 3052879 36358421
53 65 4999050 70911095
40 74 5301262 25596468
81 71 14814330 22526859
54 21 27442439 29278571
61 8 6859759 48011893
13 7 9452897 48455101
79 65 3036652 28629411
83 86 10243496 14467832
34 62 42273390 66726443
24 84 16473832 62083504
16 2000 24188853 58948539
44 75 32113517 59054327
49 85 2958156 45122398
89 88 10744364 56047771
57 71 51553401 76602495
79 6 15747877 35628564
83 22 8969428 84425504
81 82 56234733 71565709
90 64 50632015 61980830
58 68 12104541 36624544
46 47 80233991 80636251
91 85 35826475 44951264
26 80 13907596 76785524
20 59 33562048 80545847
79 50 822825 82307980
60 34 72253796 84386833
82 3 33215804 69717386
74 28 16181430 36445016
55 83 57264493 65511976
94 19 4603185 17181389
14 33 33227720 52997310
76 82 6900964 82965900
33 22 25104367 38139501
100 1 46301665 53461859
58 1 13315405 15028628
31 61 38012695 62924028
33 15 9439717 16258665
76 74 3292753 12485006
22 35 8793432 10119181
14 2000 16234354 74715459
50 63 81314443 81955849
32 45 23438999 37802405
88 10 59267224 81464162
19 20 12289979 85041360
23 74 11196261 35777789
96 11 23828914 68903327
73 56 10193353 83488306
63 44 71845672 76310681
55 41 69211233 79992412
96 67 52187753 67979910
20 64 72048833 85525542
17 4 18568239 30211794
13 43 2155167 15640355
28 5 7864978 80389921
92 58 12348418 31624489
74 29 10619838 15938573
88 28 4139963 81403574
1 69 49083450 53383158
11 74 11539775 28562675
28 2000 51725377 58225300
40 2 6406533 23423009
78 70 24024273 32670010
23 37 22885568 52329961
61 13 2396283 21987374
1 21 53080000 54366462
94 72 33549198 76742857
39 1 67504381 74091774
11 62 5141062 32856852
74 18 6028970 17645351
24 70 5658336 85430405
80 4 33133462 38549125
47 2000 21321377 41565087
1 44 52983254 66554127
19 57 15972020 57588665
34 2000 26318268 74465767
1 16 31793386 60603837
1 26 36110989 41849285
48 24 65216201 75401112
12 2000 49080613 60064415
52 35 20918150 80747309
13 8 7934043 33936619
16 2000 53204433 84535984
13 51 2571503 18200498
27 89 11828889 67492508
29 2000 19886341 56700938
57 58 9074989 47210441
17 67 29513385 84806623
72 34 15501742 19767703
40 5 44051028 67521306
29 10 67145277 71574777
98 28 27811719 52741363
20 2000 48580461 52680645
46 2000 4618889 82592485
54 56 21522705 65186729
61 30 40454180 74862093
86 72 67304112 77421347
82 27 44542759 80099258
95 90 6279158 78814216
43 66 25420233 35831504
99 68 5442597 77311436
1 52 25084850 72167087
59 83 21305853 67860530
49 39 9963318 73409507
92 28 60515710 69422333
71 59 14063908 43186515
46 69 14707552 24095426
63 82 14371786 25410812
58 40 54430788 69236518
52 73 13389392 18843872
44 7 75134947 83823535
88 26 5803705 37757629
75 54 8383547 24649909
61 83 5313973 34549844
57 82 19264051 61805560
73 83 22968184 73023421
98 60 41648771 42318533
13 27 27265051 35518402
57 10 11709953 49419739
90 3 8724897 71605746
43 85 16672191 60373869
30 63 61134880 64757609
74 2000 17599624 80226764
88 22 10047772 55847757
86 38 4616288 59533941
65 56 47296525 75545750
91 19 68142314 78669830
44 85 6746949 62329527
37 26 35053793 58259841
19 62 13071449 55941423
93 44 47754451 62603374
61 20 411648 23304137
28 2000 31977446 56322979
14 31 8511656 66808553
88 40 12123408 77418183
24 13 4315982 82168513
18 44 8868059 78356865
34 67 47651247 57219241
45 68 48220245 48251690
36 11 23223806 63096150
14 2 20636332 35693261
85 44 22703498 46272016
89 70 36900310 73149468
63 81 48390801 62517033
71 24 14205740 86293908
75 6 29062426 79199872
17 18 30686120 57009658
34 2000 20718598 53439544
48 25 72736260 76129775
29 1 33957033 63405714
35 2000 26458746 71236356
77 22 50300775 51457512
66 82 2665249 16772044
78 2000 57440109 78375624
85 7 38571636 66578321
38 31 19919822 48207559
17 52 11654477 60813279
95 53 24873715 42963067
19 22 11073458 32990152
69 72 10958294 18467457
43 13 21069378 58373249
68 30 30391536 64779505
16 15 49080155 84310920
85 31 47724766 78881010
19 83 41089071 70821222
12 2000 32275774 81750136
77 35 12636923 80917483
1 58 11474534 26216733
91 58 46804279 71730600
13 2000 12561427 52439093
96 57 55285869 63943473
25 2000 6638016 85606061
52 50 16878779 67042470
47 19 25657349 45046552
93 44 5526691 64227966
90 2000 1511790 14081790
35 43 19125659 52881170
83 49 8744317 74553385
75 61 3712004 19523545
38 13 17756078 68173144
54 3 43751412 50336712
85 58 58321344 65127663
73 18 2043723 70264013
70 10 35487719 42382388
51 89 36853326 51227403
59 20 44738403 45054023
88 25 9376227 35242512
87 49 11563045 80541956
1 4 44350448 83150888
23 68 24809390 79682804
18 65 44420024 66977711
77 79 7904634 79417787
44 48 48820722 80913894
33 58 10052480 57709038
13 53 24227964 60055395
65 14 45725185 47869134
25 85 44705352 68329402
23 67 6090546 54608028
89 57 30077827 45916514
59 8 31254765 48497347
85 22 71674828 84519285
1 24 49352216 52026487
32 18 62121849 75995428
92 43 51820353 62703601
84 11 36803112 72790020
59 11 1810368 46809617
29 23 5816978 41119102
43 55 24332167 79756800
42 9 16111603 86073216
14 88 8316940 23072756
7 2000 64948869 74146814
64 62 43211173 81523360
48 64 56823464 84562635
56 65 41700322 75326588
33 68 68485357 76836787
40 26 7897590 39082599
97 54 1544242 44521836
28 54 29182880 36948664
18 2000 24904320 76391443
76 2000 4586622 36579155
66 8 24125384 77481873
91 45 23029395 80574102
39 83 17342719 75706929
34 78 2939289 13587046
35 34 18067570 38717795
43 51 14007563 70315339
90 2000 51654957 63118217
61 72 30538434 86160701
69 88 33354218 50266801
7 2000 52129278 62710037
50 87 62855152 81780388
30 16 9794917 17487153
45 81 49851589 77582760
95 82 24270060 29927221
75 73 66400801 67582855
97 41 33197799 38498511
97 37 12720338 13240165
80 24 28938388 72288644
76 8 22460711 35235757
100 25 19665368 65779251
75 47 26946290 44104914
19 60 20911956 50067392
87 24 2744027 76169687
88 10 12818049 80937918
47 71 23351496 46010146
69 87 15373502 30102602
11 78 21227330 66971612
80 75 50788018 75486885
98 2000 5824482 38739184
55 36 23372276 59363167
29 22 33240667 36853559
49 80 17877890 27546624
51 78 4657411 34649029
11 6 54708228 81513746
28 82 51186006 55176940
51 7 36086742 84736995
53 6 14526469 49698231
92 73 19034390 68359792
76 20 15281622 21549322
24 42 51701206 52971250
18 86 2556708 74239917
43 20 31689607 36713485
32 82 1184276 54522266
40 74 66186600 70670842
71 89 18562176 52676404
97 27 2505262 48946697
35 18 41247760 79837872
1 78 23341812 75040011
73 69 29472656 54756087
46 51 32803470 76905096
1 69 8704088 61967316
16 55 42928430 59427246
99 6 34357212 79013934
51 16 27957684 64238145
35 2 72411115 78596709
94 58 14585158 55903080
1 57 7994329 30508022
1 7 14143145 53755150
64 14 38167713 74238598
59 17 43669526 51800629
55 79 12402045 42698434
26 8 1474323 84145433
91 62 28589144 57235899
1 89 62035485 64603376
32 34 14908744 75223736
92 34 27928710 63923739
65 37 11843663 23780028
59 78 38164168 59412505
11 1 26820802 58375999
79 68 14844233 32946877
91 2000 24249737 54913874
15 85 5121459 29963228
56 78 3730449 54484170
87 2000 3494869 51213246
76 43 66620326 79150885
42 48 14997022 70571719
21 2000 34210242 46854266
59 2000 50337558 67697576
51 49 31585836 32430936
47 31 50297964 60418870
66 9 32416488 57103090
18 84 4014247 58122607
13 81 19207523 23999151
86 44 40474917 58175207
23 33 11469864 41435929
35 85 5290758 23323893
70 10 49923478 73178800
86 9 19129254 77943640
1 77 32844386 53669279
13 33 35664644 75751202
56 61 8895388 53885724
82 40 68250285 69077828
57 58 41351770 66535081
45 78 19006484 46539547
53 86 19199657 67496598
41 47 23376021 43303444
31 85 16499908 66212407
59 80 8258300 17235902
48 71 40554403 57741164
16 78 49797550 50726883
1 37 18230628 35773440
21 43 6013394 30105103
45 23 13204887 25173124
62 2000 24350337 45524455
71 52 47140693 83030239
78 47 20101193 65672181
61 5 44637846 79859508
63 15 6449382 41393385
45 16 1976952 18367684
90 50 66487154 76488882
63 31 38398393 39540229
57 37 27391289 46106142
92 1 27406639 66712567
56 89 15588600 85123763
37 49 27270651 36700065
1 40 57107671 61480139
89 7 15746147 76583834
58 14 5053788 31883252
27 89 41535132 66298392
56 60 30579183 34898928
10 9 36413075 61237963
62 2000 25237933 47174360
20 43 57961695 58658343
12 44 19407617 83041082
87 50 27554580 59668786
18 29 38171936 68583899
70 7 22612207 53144909
96 2000 33478323 72923495
38 2000 32184513 82028706
28 1 23807315 66949943
95 9 10454231 80725507
100 11 20652046 82490125
1 53 1600854 54159743
73 8 610565 64637482
19 61 5405190 39408963
95 59 12833506 56365563
74 61 37109670 81811823
13 4 7520775 17627863
49 80 15838094 46812652
63 75 335870 82935754
81 15 4932916 31935166
68 90 50459049 78663583
36 2000 2674807 23818397
42 65 69321141 70228038
40 8 9311206 16619828
26 54 4841404 10852968
31 2000 35757626 83572358
45 80 45729222 66454277
98 42 48899561 62390000
56 88 6376652 13998491
28 17 3786558 31006539
56 27 68994736 70010196
26 27 3895982 80051253
88 2000 7633313 15943725
1 82 24135896 56047545
1 7 1045938 85301118
30 50 13180183 46847586
54 25 35741090 71043851
52 28 41352284 77335625
1 63 20452735 24572136
82 89 40966689 60157780
72 5 59656463 69031208
16 83 29174132 51518088
10 68 6014615 59106361
15 14 5266022 38916718
61 2000 25988031 29211411
65 7 5911050 63940492
40 60 56331326 85811219
43 45 30599105 47605072
75 71 48385158 65122092
40 2000 2226243 78932261
95 22 15627796 35723875
1 58 41239006 57347008
38 13 30650671 65389186
1 54 43427878 77038951
33 9 7862825 67854633
56 38 15673905 71641730
34 46 42403031 84163560
74 69 24530762 38116692
60 3 32155065 60418237
10 6 17368640 51349144
18 2000 18794185 27898855
81 14 69007673 81296547
90 40 24253591 86065307
64 25 25386485 51053407
40 2000 68955817 76601445
22 86 20791043 63562632
64 40 40519104 62394871
84 34 31040568 58946434
53 67 53398230 64966457
66 28 10349843 57264212
22 15 48874273 82739111
26 2000 48069915 51866042
60 2000 46391474 80974647
83 40 17148558 76484710
64 56 17209907 62558461
46 70 17427373 32421022
68 86 69294393 78245629
97 29 30969830 64087038
52 56 30620332 84257405
37 79 42728274 64381186
24 48 67579582 72784476
75 45 40023591 81796730
50 2 2368824 57442232
16 82 51305405 54128099
37 77 73156245 81974991
1 20 13089156 13227319
77 34 34956885 67595900
54 64 66483253 71503056
53 8 24692244 28787443
65 90 53033368 80892343
75 10 70547232 73243591
69 32 9660088 20255756
19 26 12907875 24376346
45 3 6725989 10609246
17 60 10043510 25815630
31 7 53163944 64781289
61 71 2489504 18361253
16 2000 25812553 71116028
20 48 52798650 64535067
29 1 11037603 77995736
10 76 9961755 45604945
40 88 30877637 72396435
74 73 33940251 42537013
19 30 1285630 43684211
59 3 79529252 83671970
19 45 38109003 65732650
36 35 32223407 70190515
16 40 1306796 80449893
1 3 62058044 83307254
41 26 26033093 72334875
11 75 19732885 26040922
55 2000 11204352 34937279
59 49 2274621 30281505
90 16 25846367 49787558
20 21 30117872 54790537
80 17 18458628 65949010
79 8 16751196 48425619
65 2000 48760479 59974754
54 76 9806271 81800257
99 28 32268798 52619003
23 80 31687123 56270271
51 52 10813006 54992823
38 73 38477076 52123908
81 89 40726070 82686793
61 42 2893738 62564182
59 43 65019367 70876325
82 27 19677240 56383372
42 37 18309533 56657189
86 31 44832121 76739129
57 2000 32002858 60801306
49 63 11903004 39998097
1 24 37303136 80058819
13 2000 33090587 37795218
85 64 17087200 39367534
27 69 22177392 27901283
42 51 22075492 83837719
1 2000 2596386 74683440
61 26 58418915 60303663
74 2000 36519320 77820084
70 42 42955754 70647580
68 73 26338155 39114964
76 8 16402792 58312324
1 59 59974913 68741411
44 90 59773947 71883343
56 44 45608971 55006966
18 3 22271745 81929327
12 21 46625086 73837872
16 17 57539977 64154730
60 16 60004393 84657458
88 42 21606180 41917018
16 37 1422485 70852251
10 2000 34172303 34678727
77 53 42347026 65932483
53 17 15191364 82086781
30 2000 80191326 85570602
31 57 78787767 80136950
42 43 36158328 73705626
10 55 19476950 20557639
1 70 27954779 56260227
60 86 24917942 47060519
24 45 26029020 30123638
80 11 39483873 65569773
50 41 42912025 48230924
100 1 2881656 65454213
37 12 49946573 86336044
91 2000 11294488 39940658
98 7 30226327 53433936
75 66 3271369 7056921
1 90 22339325 69784954
1 70 38045013 66582806
19 46 19087644 25069245
81 8 10081271 22562836
74 73 19692830 44203822
92 42 21471882 69000538
43 54 79023053 83038061
15 11 27532381 78584475
31 11 26721133 71884227
100 46 4444430 15874751
45 70 29945310 41018683
13 2000 41795653 50811065
37 14 7699843 27738289
31 83 15602576 71005017
58 39 13207446 77438716
44 42 37400611 51899735
75 9 48920379 56044826
38 80 14151876 16164335
51 52 18986922 25571962
77 73 10049587 16526418
20 89 46053270 54148671
1 26 15736114 46472892
52 70 1855251 65922228
1 76 33078724 80717844
26 14 43235156 76160031
11 2000 33872159 46111315
31 30 15569025 65324865
58 2000 17845483 53374597
24 2000 60788789 72877586
81 33 12629269 27515693
53 41 16468289 50853674
86 87 31487791 37598319
13 29 20674540 41021918
1 26 46871376 62940174
90 41 46057932 75010583
19 23 29131679 52323949
83 34 2291835 15335534
99 60 14195435 53742973
39 50 51748356 80836069
45 24 10177746 31531511
23 24 22472287 28090185
35 24 42307760 55192679
63 89 33454386 63645098
32 2000 31275038 61422563
53 9 8766731 60343997
51 39 8859408 83017121
87 2000 30871362 38510748
86 59 66683937 78928392
87 28 12411959 16586598
57 53 21589516 61200448
94 33 17166236 42952945
86 2000 4265937 63434484
95 49 25190658 80435490
71 86 27604176 54962976
97 55 5843560 43225626
19 78 75701731 80609300
1 70 12991609 58007728
89 75 11165484 71469179
35 60 46151140 48168241
17 71 11657212 58011157
10 2000 31525181 31877564
1 39 62553878 80177677
18 58 22041351 74999983
77 59 11946202 55449870
16 74 16722739 29449312
79 26 45089021 72145313
90 84 41909076 80879470
16 36 879697 51804613
49 57 18576847 64890961
1 85 29869292 54628456
82 90 68448566 76181864
12 85 26696640 85246054
88 61 21966514 31154897
33 66 6499320 80693578
18 33 53783868 59296528
96 16 43869516 80600834
19 53 477237 4643439
68 21 11431940 71330071
21 83 49184901 72225780
96 70 55799721 78866172
92 2000 2300218 63286807
83 90 53314232 79016423
86 48 7528509 14601321
35 2000 36049299 54673372
30 58 6369990 45195358
79 2000 71079583 83940596
15 77 6560412 42940729
94 41 7901657 76065118
29 7 45026709 49215076
16 81 38238621 71404123
85 18 67686677 69414572
17 4 4179301 53706951
62 2000 63313999 82845846
98 81 5140843 55002476
1 76 1036082 72041131
19 2000 72486593 72933627
41 88 53510189 84982014
45 2000 30710950 63017537
48 38 23810451 33216181
38 43 21489176 42068690
18 78 18366977 68256399
26 21 20938713 46575461
76 77 17696351 50428106
31 2 9188968 33797208
1 59 14900058 50565444
90 21 44347431 63883610
92 27 46107274 74640134
22 6 12894241 37941079
58 16 37846367 73292418
22 26 29141941 44986426
33 8 7070524 66251696
26 44 13307920 28870675
64 2000 17626707 27719108
73 2000 50144179 74069596
73 84 22450343 32387951
30 74 7075008 28264169
90 88 13336106 59269529
92 84 45365434 83881313
31 84 1448982 37781646
1 41 29997054 79361164
98 18 3199962 79320814
62 11 46795780 56765628
14 57 3330935 43235432
39 2000 25059338 82374993
72 88 45075477 57391510
1 76 49553286 82535998
13 87 27286997 29425800
61 71 48595493 61924634
64 21 43490090 63417780
89 67 35143067 41919557
23 3 12114387 81206744
23 5 49114371 56874708
81 73 25215562 34288335
21 52 41599038 48705523
1 84 32902206 55295631
57 32 634994 75666575
81 2000 11792676 34758687
14 80 53087797 62747521
58 31 11862350 75633429
86 75 58184775 68221589
18 2000 48560641 71264116
13 2000 12044348 12490116
1 21 12994277 33170613
79 44 20319071 46358064
1 79 8262174 75385704
85 2000 15055743 40919615
44 64 37414962 37840864
14 77 20078489 30428353
39 27 12962519 47742080
98 2000 5535940 23179020
40 21 62806461 70267161
72 58 15769731 62123772
45 13 2874938 15088874
1 47 306782 55088991
19 77 30064895 45025200
82 46 80158204 83731242
94 18 18876800 86014419
29 48 81422321 83519115
56 86 21874866 40609215
72 36 47016178 49723328
22 60 62760945 67187525
96 33 11183277 16184326
1 61 49301723 52215596
24 83 18023261 25131138
84 62 61616917 78069326
78 3 64261217 74680947
84 27 5392816 27973395
1 22 22756180 84349850
92 43 38023483 66675439
71 8 36654163 81772699
1 27 48614508 71364027
80 2000 52240772 64158388
17 2000 49044978 50495337
85 51 645864 58206471
41 25 9673606 27133126
63 81 16521892 77991362
38 77 20715457 63753682
38 40 14246401 74999892
97 90 57812359 74511237
19 57 8670681 49631396
26 61 47930235 85770849
87 83 15733095 47610049
18 2000 79842394 80937985
49 21 28525548 34903794
55 82 45416629 77469835
98 2000 8551056 42062586
98 82 53760720 78657648
72 2000 68091161 73153040
75 80 7121168 61838088
77 6 60199486 83840338
65 19 1294546 52718490
19 58 54345332 84853722
61 36 24224274 52191622
20 46 19271539 32702339
39 25 3346874 68761025
78 33 39769771 82411327
60 37 43532652 44506734
23 2000 35129832 49345868
6 2000 37662040 64667652
44 6 24840612 51298641
58 2000 41619563 50069619
100 82 53913888 54579280
44 81 52441652 67818819
41 25 9180360 58536016
39 16 8958243 65342834
41 64 42870630 62462459
91 8 11575732 27936428
54 38 16159944 57913024
46 82 23734124 44126490
71 53 4149918 75100714
50 2000 67619447 68800700
69 16 1896546 74542328
50 83 16286881 72520470
1 71 35962078 81160851
25 62 22179418 64973325
84 21 4584421 44850278
1 34 51029137 78815004
1 15 66060197 78106173
17 45 1722163 46054640
40 13 13950784 66533851
84 75 62200222 70003105
29 3 62624800 76893147
40 44 2052133 38227069
95 85 1816696 68412338
59 34 23040350 51380852
87 86 20581086 26000601
76 62 5957018 60949136
1 73 803351 65612042
60 46 22214677 47004393
80 47 6916979 81976939
94 31 5213415 53633466
68 62 1771940 39409546
76 14 64143547 85396566
22 36 1632300 14530596
71 31 4541716 52561813
1 26 52553246 59598070
79 53 7323748 8889337
83 18 35382467 75522250
19 63 7820189 71901479
36 84 53026195 56209112
31 81 34454158 76386078
1 27 26854189 41206472
16 42 8864488 59032469
73 13 54177650 73824390
99 80 2674552 82987566
31 65 35091843 56191352
1 56 15703438 39933433
16 75 15201160 24352545
52 43 39340143 73347850
87 24 63809244 77629511
31 2000 44579186 64100868
47 19 31973015 32929248
14 28 48307192 68422766
58 85 17527776 31450112
72 86 56519670 73506971
83 2000 51309400 79774072
67 10 10801057 11525181
13 82 3775673 51666967
13 23 53517089 85213272
73 46 41449793 52210547
19 73 62542880 85804501
34 2000 49945856 54662192
1 17 42657399 53075359
21 4 51710412 56463915
53 25 21973695 61286003
43 2000 7491088 70628268
16 36 60149244 79037395
73 8 30161997 38453163
24 1 9057253 35588767
74 41 17504898 46649018
60 16 41293670 44250249
77 79 27398973 29709092
38 7 38662146 77641270
83 89 2644802 83867088
18 79 56798625 77534251
81 67 6746978 74212922
94 37 7189019 70581057
21 29 19756726 47045301
94 82 5672693 25293150
1 2 12779694 79885011
71 79 787456 39761021
75 59 39314513 44196064
93 74 53724943 58988999
72 90 3884228 70536726
78 52 62539466 81038523
1 43 32192718 51835810
74 27 17901601 63907694
72 33 63433408 80052607
92 82 47952523 52899913
21 41 26490911 85179157
91 51 6296424 85604062
54 58 7967414 61510973
38 78 5765004 68864274
23 2000 21178032 23097645
70 62 18462377 51980331
31 11 26402257 52024733
38 13 8151297 60060483
74 24 81355575 86034890
64 22 16051540 84699314
40 39 24080333 68063588
1 16 8723932 11305913
34 6 56924970 70065886
85 8 10687787 18879604
40 2000 22582708 46975237
44 70 32840245 60419178
1 37 10415164 34157636
81 2000 1246341 55862166
11 61 52758014 71450470
71 66 27099689 41863850
30 47 53048551 62239559
52 20 69860129 85925721
63 12 10734472 71673481
27 61 45169339 72482309
91 31 41769376 66875724
45 88 18335165 85115301
57 60 44109944 58431901
22 33 977550 53179092
30 2000 6299382 17882354
99 62 13322086 32267975
43 49 15140091 57872368
36 2000 26583799 56386275
1 47 23398713 79533488
52 62 8678511 50908395
53 78 14435475 41111879
95 34 69597813 71817417
28 3 13823540 17053630
34 86 23557361 26892433
72 61 25262004 65879677
88 29 28634701 70852955
79 77 52259987 55897003
33 15 17793740 83225998
52 11 11683464 33467947
54 4 1726019 86356003
83 69 20033037 49295524
43 22 13258863 29162273
37 56 311427 80328749
81 12 20776618 23873147
36 37 29064679 32168962
69 88 44342242 54153149
50 64 17230772 70513374
46 55 36997570 67987659
29 3 57130090 81214760
31 2000 34397820 53403840
60 12 9231003 16755995
73 47 67772372 85127464
48 3 75030261 81487571
59 61 33786987 66399600
45 27 8390797 82391924
73 55 44408173 65442233
57 66 7283063 20048951
73 35 5250602 79709334
91 33 18192960 71995648
39 25 31135963 44604432
69 8 33401747 73035617
84 18 25606284 73556988
55 81 25736600 76813861
41 29 4431667 43605904
33 66 37563990 81057294
71 22 19755848 63150260
97 2000 48777141 57945233
53 50 36409351 58368876
1 37 54402543 55355098
48 50 69424698 75550966
47 50 27950333 37707535
1 64 9076119 77451431
1 67 6163897 51001731
21 35 2519389 31480596
1 56 14735788 26468346
66 16 39530904 42728843
83 41 72982453 74673686
24 39 3304415 80258652
26 2000 16311023 24191362
100 48 39786455 48627167
1 83 10550193 21008824
74 2 67737946 78906466
1 2000 18967262 53461219
86 26 31566490 65653251
73 39 18880393 36702032
75 45 39284451 78829449
1 57 560208 13742536
48 51 62720280 77867360
25 59 39941974 82466414
67 89 17627518 45618039
13 2000 3579227 11255843
51 81 44252911 75838346
35 24 47753840 59199190
24 8 4355203 54194984
82 42 57997861 60303573
94 50 34326646 63431612
12 48 16255681 43941546
47 2000 31618498 42966654
58 22 6966196 80473279
39 81 27059171 70774325
74 24 3537877 10872583
1 29 27011261 67830728
23 41 22767103 69164842
42 2000 19364413 29438205
1 44 31686183 73291272
25 34 34462425 39664196
37 83 8531771 41266678
43 22 70885131 77112603
68 6 10782559 69947453
76 82 22850448 63438275
58 5 28601915 63053787
72 21 14862891 19991436
20 55 739984 65191301
46 12 24695534 26504006
97 52 29274043 45321216
20 79 11183967 33919501
93 63 39819770 46832569
99 62 27341187 67821881
94 87 471041 28805722
20 39 43137162 74991876
65 2000 65342214 80155333
92 30 12404946 38348166
92 68 26700874 78518272
98 16 16764217 48675334
57 2000 14141710 20993547
1 11 27798975 50545651
72 32 65525944 76840956
44 57 22071917 77455155
1 70 5229623 7211957
96 83 63330589 69838912
48 29 23762010 45646451
36 2000 5817549 80288780
55 49 22549559 85348808
95 47 13885761 26039444
88 12 29550980 47459392
1 86 15593399 62969923
86 49 2156995 24227287
84 39 26477769 70298305
28 49 64792353 81523042
82 22 55220727 82275448
50 16 1864222 70579215
92 86 58372340 66308278
1 12 18251516 79013883
35 86 14233134 49412304
1 75 36731528 49636527
66 69 44826301 60536827
43 81 37314334 66827246
1 30 14778099 66891978
47 2000 41592868 84928831
44 78 6205306 53008525
52 54 19637238 50529970
69 2000 4115958 14385492
100 62 16931090 59120358
2 2000 231338 47567309
57 4 4175463 69172101
43 55 14546783 73424796
57 86 21040350 45582246
52 2 3323327 29282179
61 4 52717239 72312755
34 68 11521767 28292743
47 89 30888687 84197704
77 37 16398456 26988402
71 32 31414517 85360931
17 73 41712130 72653064
18 32 6166456 10269863
1 81 14612800 21648132
38 10 9093444 28268168
1 54 3295265 71948087
37 74 12132639 50442009
68 6 30901826 74849533
12 2000 18296224 30060975
44 65 7844969 51806767
68 54 44648206 69789683
55 67 32597925 53826594
71 39 14169550 63786153
60 36 69599997 83973844
91 30 26317176 84651049
51 2000 2606159 83084890
57 9 22129134 83576126
1 81 47867283 64452779
52 75 41277356 52975593
48 15 61610063 79002390
81 41 6683861 34192351
23 41 48725192 73691691
22 44 18208141 82125370
18 31 30805418 85422363
1 66 10508910 63175791
61 35 7938870 23190577
79 4 2720504 4087223
5 2000 12932867 47096195
46 54 5253277 84893900
25 37 68333530 81586864
98 77 16712862 29507230
38 63 43486825 46394344
26 21 55896232 73771523
36 56 6168068 17559816
27 58 4629214 37175459
19 30 17311025 27025201
61 22 8177919 16951316
1 50 5731137 68191665
17 24 1411928 82975413
36 30 12820412 45574576
61 30 33846308 36574903
63 47 21553236 34715612
87 33 32455824 72190505
57 17 13919404 45755104
51 2000 60724031 74250432
57 58 13035472 37125120
17 8 60469650 61177108
52 5 54075866 67582305
32 72 14773440 22235842
12 1 50039001 55122332
24 25 879791 50972857
1 28 32886676 78363985
1 62 67174147 76178263
84 38 15623628 20747925
14 80 44140628 54161745
21 42 11521597 49367569
35 82 69002117 69446214
43 60 36333579 54709558
10 72 12703875 83204372
28 61 40635647 69456977
54 37 6157161 67905427
19 45 62706310 86222325
30 25 2724381 76439876
30 81 31933062 86307244
43 2000 33230358 58284287
46 21 45817668 59377154
54 78 67826518 70321292
1 85 3074765 11140944
58 59 4890228 66094355
41 79 52862291 64030620
43 74 22404888 28296897
85 88 12883220 43678638
16 2000 23127214 36847158
67 86 17802357 21570630
13 32 10321714 19979743
72 31 14729612 15637201
32 4 47694172 65451408
1 68 29183295 58220854
32 68 59168628 80843730
78 55 56330054 72963965
76 87 30033631 56050411
92 49 27995615 30046838
57 59 21042326 80222766
50 27 48637626 50220497
97 53 24806792 86034473
1 31 49391338 64506095
46 80 10760938 46485502
84 36 18620582 84386984
17 62 4162253 18095181
31 2 1238599 2362647
1 32 48699766 60899133
12 35 37510675 47495905
85 88 1415253 25088106
35 52 8991783 10541831
77 2000 9451008 58044848
75 33 38725990 61887935
62 24 20183853 36087996
66 48 37647032 56323695
100 29 49414922 82969000
93 71 29182679 39430726
94 2000 42708729 44185111
22 2000 9257211 40289035
18 26 34816181 67503396
65 56 67724151 72805895
71 69 32658514 63455360
94 9 24563361 38151718
99 12 13333621 33089621
79 67 3726253 16072157
1 19 1755011 20118295
60 75 27510454 36163925
56 61 69377686 69981846
64 2000 3573424 60589779
50 14 79798021 86215303
63 68 49499592 69657766
1 2 17117159 18767564
38 6 59786831 65567556
51 46 27049362 34071308
49 77 21365154 45961392
80 73 4010559 13849544
1 9 16279245 21755924
1 66 2001524 43378435
19 88 49895580 82520827
52 58 10868062 55605456
20 84 7846754 75653261
89 36 46761000 85549025
11 27 15849631 28848786
44 85 2206299 40711712
1 27 71135585 79166554
81 56 586787 9607042
25 23 15971042 27682150
49 68 43045871 69009618
71 12 63357912 80024793
84 8 23296565 37979480
45 71 1906561 79474571
35 24 17544995 68907461
37 2000 32342147 73598169
67 5 20854455 85811635
34 1 66975594 72384381
48 2000 67816181 73311363
23 67 29018588 56720269
83 34 14791302 51781653
23 2000 20262469 44959027
42 35 20332142 24964229
26 73 5135669 56135599
52 45 69231903 83736360
51 19 63125788 84898909
20 49 26167815 31971567
1 40 35721909 69674098
95 72 16803938 38529203
83 24 36069122 42554938
63 12 59347883 73788160
24 60 52821882 75060215
81 41 42477834 46152776
56 16 25551859 57444840
70 87 27829178 54722932
40 32 6088364 9781300
27 21 681895 31419052
46 64 39668178 42265525
88 4 49253962 60691635
55 39 6068067 71484700
66 18 29479619 46401618
80 79 15837036 22470535
1 39 31589603 66676873
40 25 58166863 75966782
20 70 51613089 62331787
72 82 23885716 60449917
13 37 3426276 70642448
50 86 25355849 59066665
11 32 22083912 65038822
67 51 18379284 83886741
67 88 20769574 68881158
28 52 40150279 55060716
63 2000 16926010 52558125
57 87 34781202 78995419
98 6 24541121 25153739
84 50 52716569 58115080
84 2000 62600119 65485318
34 77 45487440 62020573
16 83 7810563 83032821
73 4 40648968 84617818
1 67 46444764 82125881
42 31 30885805 32764639
55 38 6561740 7668086
71 58 36384059 46790094
20 90 33870015 71398586
15 32 47429572 71931162
14 71 17142200 85046903
45 33 9884946 67187801
52 53 57139631 59534237
36 17 13202453 59889620
67 6 49778797 54140187
70 2000 6000432 17412631
86 21 1469671 48402354
14 2000 36924022 54605184
27 53 16266541 66412070
87 20 32138530 84231831
35 73 45586490 59018175
38 16 7827819 59018164
30 44 54447257 78170296
28 25 2531378 20305021
24 2000 12059299 53621276
71 7 15446157 30004586
1 72 50046261 83294049
47 39 3257201 83868052
82 34 36010983 56434068
12 84 1665487 40975273
84 36 6195263 23989871
22 2 59965287 78178477
91 51 41594718 52499456
58 53 46323360 61450466
18 34 26831203 81367800
96 46 11455684 21060586
75 80 49660753 75776870
68 86 12982835 76444310
64 2000 61825282 63235709
13 86 41014691 58228115
61 76 18077666 37435094
26 48 26337193 41758266
99 1 19326537 31310349
33 70 4720589 79264547
10 44 6156462 26162598
82 37 33908442 54623611
84 2000 15682286 46587049
70 1 6055809 50181150
93 71 30008854 52703001
52 39 34238798 48665406
33 73 8607197 54791207
66 13 26442342 81182912
6 2000 55580567 82349601
34 18 37878703 74890559
72 55 7637628 26998605
100 8 73813413 76465547
88 76 50161541 62793596
1 79 43150808 63709050
79 53 10575973 72320253
20 17 227163 53096508
87 33 38621732 63613308
30 2000 47915977 75996303
78 66 16885781 66290486
16 3 23961298 79864788
1 2000 12806589 26152833
80 78 25175273 71547951
55 3 55685989 63071564
1 50 19323546 29097408
24 20 7599480 86167202
32 58 36742913 81353702
64 4 10881856 83869871
53 29 36333945 45939090
83 79 43046583 82805947
94 53 6912673 21122526
98 2000 8655830 49758806
77 29 19143168 19764338
49 47 49000410 59924260
1 40 32964308 54967978
82 79 17093557 73814403
40 71 7995153 59437343
72 31 2423970 25191115
31 34 7010908 69850712
77 2000 42326834 59425017
48 49 23150825 67707397
24 55 4004401 47302283
97 54 12086693 49049940
56 90 21403939 84972164
67 19 59182674 60443875
25 43 9479475 66928675
63 18 565719 2377131
67 2000 23840743 33159880
36 76 26657323 45009982
41 27 16235108 71504327
17 65 23175898 25259642
67 70 337072 75683985
19 69 23993796 84858373
27 17 9887007 84131738
1 2 15257769 86223968
20 62 28875279 54716877
19 90 2640487 22385907
23 77 28469674 35359107
91 69 2313172 73907390
99 90 26149663 53117698
61 88 26980401 62021373
1 30 5871641 52196513
27 7 41620157 53502008
24 79 42959954 65121457
96 62 24578931 42184409
1 51 35212793 37664558
80 31 16638060 37804610
1 78 41204626 86168723
46 4 945474 35137668
33 90 61407082 80546952
38 48 10958114 28045688
12 28 56841953 85726312
93 71 3543658 80978335
47 81 44410785 78953367
44 48 51655095 60256563
34 48 9239961 78453125
83 52 54412671 84110440
61 14 54150763 66739030
81 65 52613462 61169409
55 56 53338093 65052039
11 50 16259004 26590687
99 65 61367286 81254123
64 85 8789136 76921267
54 2000 7247228 47474403
37 14 1912108 27090806
27 47 42771930 56050677
1 43 29338553 39387452
91 45 2155806 77772262
87 26 14070350 40382492
71 86 35995169 64253987
98 67 33275820 57678344
62 77 61812532 63518620
48 75 4153275 14253594
52 53 14455890 85782709
1 24 21241164 33428708
94 62 74783253 86212896
26 12 26370324 68429694
91 56 58748697 84216597
18 2 21858587 47706714
18 41 3346089 86133740
75 16 21941705 78714533
55 34 41762770 78849523
10 48 9671337 59193521
53 2000 10382623 54103824
55 36 33845459 69414405
81 35 31407738 80112831
39 62 8173250 75112032
6 2000 21092126 51177007
48 72 2035357 44118914
5 2000 40061107 67229516
88 52 277364 1800710
80 20 3217354 35750277
70 43 49618160 76449794
69 53 41809553 57671907
28 2000 9780634 85715755
83 30 16712812 22270274
82 5 5552159 25085941
1 27 5330842 32737945
62 32 12519624 82051132
85 80 2122733 36102765
17 29 23179707 62575556
17 27 11006258 51407417
29 2000 67931821 69561415
1 83 44575607 59612245
45 10 14366273 34245687
14 57 25416686 52878707
56 78 27818687 61919914
72 19 29129011 33040674
60 23 6901272 36011119
1 79 3456171 8777518
63 32 36715067 43545059
19 86 4731749 38726834
100 40 41442346 82840945
69 79 20084815 71738653
28 19 25065153 80180112
17 61 68084763 80550538
46 49 6047246 37701898
12 22 6298667 56326830
41 59 19435080 20057147
28 29 33578644 51709410
47 68 11135272 81670969
20 46 41506885 70099351
25 6 36269997 60546083
1 78 8386137 72778530
64 17 48391817 50130217
26 2000 21248708 36071095
61 80 43316435 55102117
52 16 7153793 13217466
44 65 15128353 43592525
1 64 30211288 42773728
17 34 26999124 66009795
10 40 14352728 84642778
16 88 64368004 73468659
69 19 31509992 74405604
79 66 29999971 45048380
38 27 8515758 9474795
75 24 5534177 71135413
43 2000 61305580 64593313
45 24 59193940 75472908
69 2000 26815585 86033014
1 74 38931085 49407708
13 20 368210 3339675
82 83 26061510 62784187
28 18 56714996 57322016
99 72 10605299 15795559
81 34 1323587 26307508
55 39 48317072 63322827
57 29 41627178 82807606
22 2000 5668534 32847241
1 48 20429031 38198152
46 16 34435643 67859027
16 87 29393736 47844477
77 57 57567271 80835191
1 12 23603356 76647059
43 65 691520 33722652
56 83 26465312 34786246
91 9 22842327 70827196
81 14 66057077 82735427
15 72 5136159 37982833
13 2000 16046894 48004276
69 81 35609942 36514862
14 11 72658404 85020770
25 24 12859917 15066396
1 19 439970 71865150
36 51 49919692 76010394
1
65303355
