50 500
44 13 35069709 68191543
9 3 39217264 48887272
20 12 16268361 75372864
6 9 9746395 48318352
17 20 53157944 58826938
48 23 72832881 86006988
24 50 39767594 69088185
20 2 5316213 5950443
25 36 18027960 77604931
11 13 55198491 71337377
2 11 1267256 36151899
32 30 9700697 24960422
42 41 32659355 76858153
26 30 12452729 53244035
27 44 15934104 43287346
11 50 19230261 60765644
33 23 26131634 38802504
10 20 475711 78537413
50 28 1256730 33633498
25 47 38487363 46418652
35 44 48022268 74181028
7 10 21442769 39180373
16 34 55570805 71238745
41 31 43228210 62487354
7 14 1482025 29099440
43 7 44006220 75000975
2 11 30684667 64082488
22 32 12400838 65784862
15 48 5748438 38903634
32 19 69170172 78398502
38 14 24827008 71724204
1 2 6364913 17895573
35 24 24043570 68618523
31 41 68125579 77377699
27 4 12350610 72120431
44 39 64317107 84139262
44 39 15942737 38083232
47 38 7215734 44279211
38 19 15383126 64323475
1 25 23996185 58775125
3 21 23159317 75351810
11 6 44105403 60112117
47 43 39898590 47191875
48 25 34321178 79485735
37 20 68043415 77516413
6 33 25443079 54969875
7 3 34789274 73289376
21 19 2976110 33426743
7 20 43047658 55003151
33 44 4327607 59359988
11 24 12108731 12645079
46 47 19947712 55830714
49 24 3328357 36334498
11 42 55555648 86326770
44 41 14983760 41284689
36 50 40621542 75227223
8 18 31455257 42153794
24 27 24284121 48307447
23 46 78027165 86255060
34 18 17246031 26914661
27 28 14238776 41915408
5 29 7082172 26823010
6 21 60368340 70935706
32 31 17607493 81126604
37 10 40441963 77676215
30 3 50074461 80821375
33 37 51768448 81094570
18 8 13214924 49183596
18 17 29351722 56071571
29 22 12778262 30080118
21 4 61088166 71776552
31 28 47895060 60446541
5 15 8035726 83180812
26 49 23811719 65332132
10 2 48712834 57705027
3 25 30534716 77860476
4 26 4630997 72155629
43 48 62957104 64741746
18 5 46292764 59280411
50 8 16974318 37955941
18 46 30951580 54430361
49 47 51087810 68613072
18 48 4579002 63280652
10 31 67730728 71692367
12 44 22523770 44963222
49 31 8579650 9134549
40 39 61379033 75100715
2 25 3415713 7372302
16 50 72438782 85857743
9 42 20417059 53465943
30 16 28707209 34267413
39 5 34413518 66780256
22 17 18650282 28377585
13 6 35720615 67867224
33 43 77559215 81823137
25 5 30431444 31352607
5 14 1771395 41214290
26 7 39111765 47106647
47 10 36187779 38426382
28 35 877762 5107157
49 6 75416203 79975464
10 31 17045887 26484340
25 48 35020217 61630867
27 50 29199597 71671814
5 34 67894852 79251575
15 18 31118514 52091745
42 1 21088993 60251130
49 19 65531997 69129877
30 20 17031385 57674615
30 17 18143853 66431482
33 31 53677429 66593175
22 12 35240805 50616198
1 17 58290914 78802004
6 29 13295913 84612501
30 38 11079913 38441291
8 28 62070687 80989561
7 8 49376534 67869591
42 17 11141953 80304865
11 41 63074744 84512635
7 15 2656650 19501208
28 36 16180068 63419204
11 43 37649374 46330610
22 23 20114608 83010489
22 30 38888720 64445505
31 42 47483014 54391800
47 33 37934869 60718476
27 29 33818686 57019481
5 4 363469 23350924
12 44 8443652 78165974
32 20 26111527 78497093
33 21 74248057 81520226
10 3 45788537 49121746
27 3 2841440 68701535
3 5 44671940 45979371
36 26 1931139 54833973
27 16 33583422 43394791
15 24 38297258 74993634
22 30 15992229 65593802
27 5 43705043 64588459
39 26 1990434 81921396
26 39 48149913 77706832
29 17 21118807 27427076
25 29 220407 71242697
30 33 29134989 69831283
28 42 27170074 51113283
12 43 67228718 71287045
6 19 72358946 80731891
21 8 14513295 62613460
22 28 25199877 40030872
15 21 40886281 58734491
39 12 57353751 71523219
29 21 22517821 30685908
43 47 3427072 79017223
19 27 7085021 9783322
49 18 13538374 71156223
5 41 425263 39159862
50 35 37033989 76352721
22 37 47855809 80076335
44 18 11677541 20704264
5 40 19264286 84048997
35 16 11806620 19506091
35 2 38327428 67564227
40 26 36761397 42433906
27 16 23319857 82549854
14 39 31127283 83996424
33 41 13150879 27815562
1 14 19641931 39236291
46 37 39928772 64677904
36 22 9406840 46338010
33 49 42223132 50719263
35 37 43762646 76563817
5 1 45241193 64911587
46 43 63947349 69696800
38 20 29610911 77624529
8 4 45780557 61589909
34 36 63647179 67712107
10 4 16329119 21955600
20 21 19815168 74017260
49 34 39477160 73258605
1 43 8759598 84997366
3 40 56269148 63217531
41 45 55849686 84886357
11 48 61540995 72401720
26 34 31944367 42079799
4 45 2255680 20985483
7 27 24780975 82997535
47 49 27318933 46945613
27 46 71836951 81490299
17 37 20618324 82054659
44 26 7335260 60428372
10 24 41277889 82954197
8 40 61169378 83016128
19 36 47900753 68471110
9 20 6352342 69019500
21 7 65801681 82932220
21 30 44675786 73517398
22 15 43678075 48627759
27 44 2004887 5351737
8 12 51109434 62244973
23 12 6244782 48414837
40 25 29419825 55382520
23 46 11241251 37569935
34 48 1387296 10015756
12 10 48619440 68994623
18 14 5648158 80026623
20 38 236573 20315506
6 7 17302635 17735669
30 3 21019815 66275271
21 46 32813396 34203108
25 15 1675981 69832023
4 17 29589802 53648198
17 8 6246910 28988012
7 14 39506259 71417302
46 33 24519073 84801917
24 50 34472864 51542587
40 15 56338810 72744077
44 12 12306565 86013081
20 27 11181165 53548843
5 49 65306108 65316288
11 3 13370472 54212006
23 34 83122991 84617142
46 47 39865728 62225064
20 27 41965745 72550581
37 34 28658588 73258064
39 7 25518301 36726332
42 20 247806 82748027
49 14 48728024 60821539
42 49 47118409 65712107
23 8 8930702 77446244
25 48 30890506 38542622
48 41 7953569 85355442
46 42 17051101 79440925
33 16 4675728 76766620
36 15 36589184 85706327
4 41 13167246 47418407
10 6 33116139 80106588
31 32 27822173 34081383
21 47 33200360 66261961
17 39 16854187 67206755
3 35 11687883 69092001
49 2 22983958 84716015
12 35 41600277 71271892
17 44 62663489 65794685
38 30 14069422 20402573
18 8 25154455 69243143
43 49 8998715 66437311
15 29 29144722 81991855
18 24 44304232 73587403
27 16 19921313 56002301
25 17 48199229 69713958
4 24 29438561 37454873
3 6 34571963 53919123
38 8 4299018 64089906
35 38 29927831 81005443
21 12 19150723 70196790
49 48 74960253 77315883
19 31 32325187 83756025
34 5 4393369 18948208
21 43 38663 46468329
2 24 380114 51795388
21 43 39860282 85760173
41 33 1175479 35225076
43 23 2121656 5342232
13 45 53984131 65848275
25 35 2720130 32880789
24 8 20594068 38800675
43 28 6576295 56164792
35 37 15069530 74811304
49 50 14880864 59231575
21 15 59602823 74435429
6 31 71305894 73356799
4 18 38824236 70660276
11 6 57311558 64947468
12 40 27806378 74918037
5 35 23869101 43289036
17 46 49125172 62963351
27 35 46308616 74242601
3 10 61913674 80719886
46 4 52813273 65981953
19 14 43106963 60145505
31 21 71541798 83742883
42 26 19285247 80405583
48 8 76747202 81072635
17 47 54943691 79713456
2 20 57762646 60649468
29 48 7256347 78336638
15 48 1189463 50229129
46 28 31725119 81159431
14 41 12493856 40978219
24 37 1112274 73964636
41 28 438039 63970892
18 26 17339455 48133720
39 30 41862427 65251006
22 40 12328104 75704659
2 33 7138143 63929189
20 11 28395357 43757591
13 48 4857476 14118191
18 48 19900283 70617929
37 16 8536357 12683628
18 16 8362456 48890671
21 1 72099149 82283919
36 37 16626445 44924483
32 30 1053834 64405100
13 34 36388352 61008800
19 26 3102959 64091973
29 5 23396854 35551138
38 9 3083697 9217978
43 10 33467560 46969670
50 24 11787415 84937531
18 29 29651802 50864205
47 42 27937910 70283588
29 35 17555483 53333680
36 37 47285085 75260913
38 27 3556966 22000448
17 11 25086963 32797041
49 44 48575495 66169087
43 32 51259705 58899338
40 43 31601802 38105696
48 28 20406058 41584241
22 11 48944506 55840654
18 50 5062830 11102040
11 19 10544777 19215468
38 34 66416287 84065739
33 7 13807733 28123837
24 35 42373491 76371625
39 6 60114406 75468697
9 16 11055022 26228824
17 7 22765865 53613376
31 14 13064565 47978547
35 43 6204485 61935283
21 41 56865236 67532991
4 22 6045479 55557378
15 50 67155217 71280495
39 11 7226021 21460571
40 12 33215887 71508649
8 9 54057719 54928060
18 41 43966157 63367787
26 42 38778131 62489333
32 50 27365901 30748108
11 12 61509163 71958202
48 2 14312423 74066820
43 3 39217661 60736440
21 15 33484930 82047804
6 45 59221558 69802258
38 12 45634808 49367715
15 20 6432982 10230178
28 1 1183202 58312228
32 23 43224975 47716278
48 1 35523669 76913822
23 45 51599473 79828354
1 35 74012019 81537091
18 3 7714245 12667529
27 17 78084957 81844249
38 37 34979765 81516814
5 45 17226460 37349564
26 21 29334119 40133466
7 33 80480312 85189067
44 10 13276885 58832691
47 26 9463260 10065009
29 9 45835871 59631309
12 43 10277117 21178162
2 48 17091195 66204976
49 24 10445418 76197318
12 18 83074060 84747606
1 35 45253561 59675915
8 16 16072363 67802153
31 44 983843 48619484
35 4 2748652 66561528
23 34 7823981 57337020
35 47 26152265 68747629
41 48 11312896 79626945
42 13 22702188 55410068
48 29 30840406 73948160
40 44 23876639 72938930
47 44 9537470 55296334
14 2 57490211 78033953
47 5 3353365 52205420
34 33 14771956 51978851
23 31 16637898 25769667
11 45 4394482 85609903
29 26 56245421 74630840
22 39 25977196 78507633
5 40 50577413 79724228
12 5 53790730 78573692
41 4 15508685 58155464
48 6 2090528 16375706
5 13 38632496 63116265
31 47 47387523 73486191
4 24 5802393 66310186
32 43 31877024 81955206
21 30 18470401 86250367
50 43 31507629 45732209
28 13 15840449 78404658
26 15 33350274 52476023
46 40 8380981 63652207
2 44 2087071 70304217
30 25 35321480 56037986
16 37 16501536 47440183
47 45 3359045 24506687
39 46 10397214 50999547
30 42 36335930 43480175
4 20 14623955 30646072
36 7 53750624 53905452
32 2 54789035 75673463
44 20 70875787 83998182
31 17 3495538 44946304
11 3 6434632 64135790
44 24 2759591 47683455
16 25 12279564 14037847
22 20 59449504 69068936
17 7 23690601 49521925
48 1 18956811 74453920
23 42 26428583 45051574
39 45 21280880 80364378
17 48 29557804 41054807
7 44 59140471 80442583
48 8 2348025 70283132
7 28 86013 38873911
2 47 4401403 20875384
32 40 53166065 74205871
42 16 43224664 76725381
3 43 27079649 29142170
50 41 69919188 79050684
44 17 44990030 80846366
7 8 35836441 57011407
15 5 135801 34132701
5 23 25480401 65566445
14 34 12712353 59528960
18 19 18275673 75792605
23 7 57011402 69278093
12 13 5852732 20517963
40 42 7367475 10762785
21 37 49400513 84072206
14 26 20159710 27153266
50 25 40919063 86047711
43 21 43692322 58229393
26 23 40782413 77180616
40 6 23796589 65652807
20 9 15633009 60952494
12 30 24110492 84040541
1 14 8288879 34649331
23 1 53737097 62113008
45 15 13947502 38271329
38 35 18177648 66306326
12 5 13470874 21974781
15 12 34952514 84634572
45 5 744856 16999703
19 26 27518736 67655610
26 39 4196535 72486265
46 14 2781423 48323489
1 25 76053883 86034592
27 21 11802460 43996185
12 30 28267615 58733598
47 23 18841531 32315912
37 1 13167240 80223391
37 18 31640005 39664755
26 2 42450348 68066626
33 5 10736893 12980266
13 36 39819400 52361559
21 42 14790178 71944578
19 8 14724284 35060755
29 2 1646226 15038384
43 30 78178985 86013133
45 39 20149741 83905449
14 17 5190419 42137382
20 15 8028166 38714807
48 3 33097589 79359276
43 15 23118934 68090263
8 32 12990018 20679911
40 1 40349542 72060238
12 43 15045933 22531557
20 46 1252707 61920750
17 37 15094925 39229018
4 28 47548033 55189762
27 5 43053150 55717124
46 12 6358086 42974937
32 26 30752216 36147382
36 14 46703295 72712200
21 23 42753977 71801449
47 41 5584452 71674514
46 22 68619258 72346631
32 12 22874604 33218846
45 32 2133430 26568927
3 22 43315283 80749236
7 4 41764775 77281689
3 7 4894031 12117321
34 14 29049741 60239863
29 6 15966850 84210779
39 11 24943999 61775329
50 49 22048633 71019321
21 32 39669491 79617763
41 18 39361723 68857311
15 16 62318792 74080370
10 12 61137965 80969003
1 12 69091545 72907011
10 16 13780975 82247911
14 32 13886561 45356693
14 46 23985944 43560393
22 7 31240521 51999809
50 33 74883080 84959982
1
81747873
