50 500
1 32 1947875 75766810
17 50 10541112 29547258
34 2 57637009 60593695
15 16 13006637 61222330
1 24 27183697 77012260
25 50 12781096 41127775
14 29 24525104 37780292
26 33 17198312 34174323
1 50 44850989 83769218
28 15 1076265 46810771
39 19 66736120 83552869
36 29 36257219 80840972
1 50 23494499 47173279
17 34 45545095 57130094
28 9 16432942 62464535
18 39 7017856 51578551
10 11 22144017 51473373
30 29 8814008 61347700
1 5 34883116 53493938
1 19 12828366 30556074
15 4 13939790 61337754
1 13 13059021 69434303
28 1 39902866 62260696
31 21 23013362 23969066
16 23 30468072 56716854
1 22 13011467 59598502
42 22 33014113 83686847
35 50 32768886 59134662
31 32 46476915 54394061
28 6 11998971 72458171
21 39 41154821 64329811
1 2 29426233 79401727
10 11 11441188 14277150
40 50 229820 60408343
25 28 162711 58006580
28 33 44494953 85180853
1 32 4524611 72740055
30 31 48415402 68826360
17 2 14347498 86107561
31 50 63100918 82458892
22 37 57366823 66835578
17 1 28098690 61002326
44 38 6930697 67001488
36 1 1672949 31111207
14 2 38897599 46054090
46 11 8432611 42741734
1 50 9578596 25389480
24 16 10633287 58925478
22 33 18575839 60028297
11 2 35695226 51825977
28 34 33982810 85456057
11 50 53786835 82981037
1 50 53180505 81856966
48 20 12268201 57072797
41 40 50952192 55069290
39 13 10341925 23432904
1 25 52852331 83969760
10 27 260797 59707265
31 19 8082956 78240731
16 1 7577403 51467596
34 31 17428127 69592040
10 2 41453276 73741335
50 33 63544133 81503071
18 30 45729389 51657044
18 35 3207712 57174720
1 28 19327549 40152698
11 50 11504367 67897048
21 50 63646252 84932069
25 16 48111336 76515547
38 13 5812162 81876406
35 34 50399781 66547076
1 25 26916627 85514349
39 27 19290640 30561859
33 21 81207634 84689625
18 50 79295 52236968
41 50 2511829 26269911
36 50 45173686 53280261
17 2 367600 66526388
1 50 46141100 72268058
1 16 8509023 25741132
31 24 4025470 24853434
1 50 21046221 42897570
28 30 23065975 35269314
21 50 63769090 74222402
1 25 84319 52674141
43 12 48610492 83573120
34 50 14938724 69467630
12 50 11975452 38259583
38 33 360378 13805605
31 25 26033273 73998499
18 3 10630678 33760924
19 24 2046781 20300734
41 10 6894979 82806651
49 50 13613835 76431226
1 2 73295293 77963175
1 35 32273771 85812536
1 26 6773513 71263079
27 38 55273613 67617856
16 25 38896677 53181312
45 50 21205015 83220224
42 13 4327309 70856943
26 1 16655237 81491107
17 21 14357846 54678973
1 25 60611054 66337555
23 12 54393992 56538130
34 24 10145284 68038905
24 8 2190986 13013269
27 40 9508022 74450445
35 9 11917847 33496968
14 3 56256224 58471369
27 30 5625250 30738410
35 2 19865412 26718401
1 33 9117603 12913094
18 50 15862999 70277596
1 50 53286341 54675115
31 50 13508436 55733658
11 7 32642312 86362648
1 39 40895369 67965858
36 22 11016764 41636854
32 25 57114277 59695765
1 50 36774669 68300684
37 24 1030668 55011846
41 24 8414010 59506371
14 39 16118617 16234125
31 3 14476125 40574229
42 19 15151264 35745107
45 29 2595518 80220275
41 4 33822052 75923224
1 25 5650074 74004623
1 9 31966333 86240125
24 7 29878225 79492217
31 50 52454956 71969599
24 27 23381344 83344239
30 7 59803129 83688839
21 16 13644435 21336807
42 5 23772055 49545391
24 31 14801314 25290011
18 40 27745078 40274329
28 35 22821628 75432967
41 14 8459471 45256145
33 2 20863751 21711130
38 5 45599636 46251673
42 32 50596246 68381316
34 35 36643905 52489576
41 5 3226866 12798746
1 22 33376420 75345372
27 35 19181439 63986002
1 50 40296803 78766139
1 34 10368883 48237202
13 29 21560060 23038072
1 35 30667957 44195024
14 11 51370321 53762663
50 1 1720593 80929840
16 33 3426992 12481623
35 38 15126351 29857745
42 27 32488725 60606991
11 20 62396442 84115257
20 3 25838026 28151610
1 50 2650819 13826243
28 27 28363248 38288832
38 50 14689234 38150546
31 19 10401027 58573204
13 14 18572562 46165166
1 4 26458995 55379853
36 14 64658142 76167621
35 50 42480244 60749814
1 28 47796691 58830651
16 27 3980299 76910709
22 8 9302726 83269179
26 12 23480833 71731721
21 39 22964989 76899094
1 50 25570800 32811322
1 50 58197898 73823285
38 2 62014423 80513619
26 1 3515588 14260318
30 50 43573226 84293363
30 50 1932510 23218965
41 21 39323723 54335679
1 19 20640050 71051829
12 33 18921830 32279785
18 30 30997760 70165915
13 50 27523029 30206815
29 34 50680272 62120726
24 50 21808935 59791826
1 36 52231613 73912228
1 50 40448088 62885521
19 3 54055966 83769698
48 13 62183604 73153076
48 5 38948276 58098316
32 8 27121485 70220485
49 39 38230506 75741443
31 22 5946552 85284340
16 4 14814071 22152873
15 32 45286660 73348407
1 50 36154816 50373525
14 36 11098619 15959011
16 11 38728391 79509883
40 9 6177727 8698587
41 19 55991932 73380513
35 1 4184893 14910738
1 10 15973458 69839959
42 18 23592719 71312567
31 13 69723476 79158835
48 7 15727931 74162221
46 11 44946099 80521417
34 8 27572706 79073967
1 9 5652375 28056721
42 26 33568041 37647055
39 22 17306807 48109147
10 3 12180480 32436265
49 28 5531406 73659904
50 1 18076280 82422135
17 20 7595217 19060337
42 20 2087943 63152556
46 25 15202267 81128637
12 40 2749346 30229549
13 31 25000049 77514429
40 34 9516521 33941347
29 50 42062846 77842796
1 50 47775697 58928939
29 50 40951727 81628840
13 50 3609339 84584400
41 35 4219091 24733349
47 31 31457542 66317970
29 22 14310272 64675084
42 50 8119370 78848248
30 31 24118183 46871628
17 8 41041038 48303416
1 50 14298832 66740665
1 19 19143791 33678410
29 34 16951697 59620655
29 36 42914423 61778987
48 50 6468509 24757620
47 50 32381443 60939798
1 28 52799758 70613164
27 2 40697038 70038356
32 34 21166162 21562964
33 23 25439890 29243315
38 10 43675651 75523529
23 18 40683765 74235944
34 5 60048072 80634700
25 5 11928663 56431224
24 21 26011826 68925880
1 22 14219396 84035806
15 50 53697715 54949439
31 6 48688869 49992235
36 50 35922662 58533750
32 31 3954247 6272179
1 4 40481025 70240325
49 11 22223986 39200828
45 50 21422249 75690548
50 12 63687426 85782609
21 27 3953665 49997121
34 50 20610493 33166730
48 6 22797269 67020983
47 50 5678317 72604624
48 50 48786864 64391392
1 27 57683038 76238530
33 15 20632757 40008998
49 50 8690902 47881167
1 15 57776393 79453511
27 28 8762430 81791000
25 2 17286064 21079134
15 24 44750263 65196093
26 50 50525120 80774197
16 50 69687325 76271134
19 15 19353289 25751393
46 50 26782255 48153080
1 50 29698614 52253379
38 7 15384364 53659631
47 6 1524033 15714050
29 31 16096317 47297071
15 3 2469411 37159321
18 17 11173404 35629698
29 13 50192644 61404792
49 24 2917857 32875899
25 50 28292913 29338084
23 20 13126100 22255767
20 12 52160920 64662410
36 7 13552096 72795919
49 14 18613530 59340715
1 12 9579267 32048583
1 18 40579003 59905443
39 27 18083223 49480691
1 37 54875824 64049681
25 20 32343796 63016930
44 33 25385123 35159662
30 9 25228333 44193743
1 21 31805194 82925820
10 50 27176238 74979004
30 15 40236337 41103746
49 34 38369675 66411658
1 22 2239586 54618879
44 10 47867876 81230876
23 13 24230770 41899433
49 3 25549451 65751632
30 33 10862580 84152729
1 28 43248741 55582638
1 50 29347226 71698492
27 16 54234241 77772726
1 33 61914380 85322117
37 38 844735 49153531
35 25 41356367 79733486
35 2 85629249 85731017
49 33 11274208 38680988
42 28 35189095 78547230
40 30 27868585 46871036
21 27 55473801 60471779
37 50 38184854 84203974
26 50 72076608 82136102
50 35 13712941 37242651
29 50 58274513 80693613
1 36 16836743 83236974
29 19 6899156 40443929
1 5 40507118 52005969
16 39 23509536 30981905
47 20 21521288 66538971
1 50 32093262 46422880
1 8 62762424 70441892
1 50 12850691 62736802
45 31 17141249 72501673
50 27 1419361 14390413
19 31 2798865 3091626
29 31 73375303 83036533
21 50 23969759 61397434
11 23 4422989 82758551
26 20 81211299 82281219
31 50 33893069 78318355
1 50 33385883 82892529
33 50 43782410 52525921
28 14 46197483 63568473
30 50 18669278 69320129
1 35 5875220 62889447
32 30 35695121 77148607
27 33 7439454 35066683
50 8 55946071 68314728
46 14 24564528 51423171
1 7 12316863 27367716
1 18 34130315 62150721
23 15 6638492 51060125
35 4 37876635 40958027
21 15 8371548 47735747
26 9 37222078 56727007
30 32 48640858 65673214
24 35 2538328 65616950
32 27 2635786 35076386
32 26 29041256 69515382
47 15 52207581 52270079
24 5 6649843 41372588
48 17 10349643 34173563
17 21 2662163 64292885
1 40 5104486 84863465
30 7 61809338 67502990
25 36 959045 10810830
13 37 53729309 83503357
1 17 6018446 60556192
1 10 16014150 27593750
39 27 31633657 41604753
12 5 36487168 82745185
48 39 33083446 73426746
24 23 11738869 85776072
44 50 17439574 54377414
19 50 43609845 66279777
27 25 12537480 33770906
17 20 3141605 43347535
24 25 2311146 20615618
1 6 5852524 52264529
48 20 25335776 54600629
12 50 24484390 44710943
49 9 12426667 25124756
1 4 29398847 48057491
46 35 1717948 23239035
38 11 25657225 30655914
27 50 23084895 78929880
17 50 23786588 50178605
17 39 17607293 49462796
1 12 2141148 48403803
1 30 2785747 50863950
14 50 6706413 7506130
44 28 38045564 67908997
1 23 6616260 49321987
17 8 11489210 59846759
28 27 9954717 17852366
50 1 4440327 41012714
40 19 14402245 77928594
50 13 43177211 75467601
21 22 13716361 61512569
19 13 25701188 31291464
28 50 52934306 59265190
47 4 14737708 68198842
27 39 60244558 80146661
1 36 4766724 38454155
26 50 39676240 49666969
17 6 14224526 22200387
30 32 14772547 20007108
46 35 20269925 66193311
46 20 19120196 76754493
1 8 12718566 71962889
24 50 56095075 72989213
42 4 4448715 56194881
1 3 19859567 50624420
48 34 11118166 57094587
38 27 11984119 53595797
1 22 46420935 58320379
20 50 30774530 84604251
32 2 31050660 86397070
31 50 9862977 35133474
1 6 6207320 81935015
28 34 15796130 72814723
1 15 13160428 49830073
47 50 84259277 84583155
1 2 49859703 86071665
1 12 7805594 18486233
1 2 26252372 65564205
26 30 52551810 64522773
25 34 8493526 15344697
26 19 1634644 51818240
37 2 24123591 60214443
1 50 37349364 57470107
42 50 15843582 82729350
19 50 23826099 27713023
39 32 18688363 84771778
33 34 60787693 71839665
17 40 21650021 85105206
1 8 2145149 37530686
41 50 34725787 68129602
12 38 28641893 59278029
29 5 28261167 32461895
44 20 27193978 59425865
11 39 25741725 32228386
27 15 22666866 74509684
23 50 3972166 18761170
31 3 14728821 46760114
23 38 13166154 62789695
1 50 8306743 21938587
45 50 77070381 85282792
27 18 39695147 56833401
30 20 61623600 80856698
19 50 7824468 56713525
20 50 49640651 57570591
15 27 28488187 48493456
15 28 52662420 83005245
1 34 66357304 75111483
15 30 43932642 46708217
28 50 4966968 38991956
10 11 26465650 47916631
32 16 33254551 37182999
40 35 21392485 41606150
46 2 41165693 66892324
43 32 31123031 83260933
34 50 53556847 63025179
34 14 10197065 66008735
30 50 10317960 46984855
49 50 45790292 53323533
28 13 19994763 67610258
38 50 9131433 36131583
17 25 13309001 16834070
25 26 27739967 67609831
26 8 42897867 77420045
47 12 44035779 72632083
22 50 61224871 80787813
24 23 33555913 62137742
1 19 59733794 70344838
22 36 24447461 55310359
1 23 67159784 74285576
38 9 27582347 63741526
35 10 28364129 60719574
48 39 8348760 77063933
1 5 3268188 17816452
27 13 1116418 17370935
50 23 30017181 32375197
45 20 13242775 26984663
41 4 64844506 79501816
32 3 16251992 75347818
15 31 33632921 80897426
33 27 18458736 67075460
28 21 37873378 41825441
26 50 4974363 33210718
17 26 13706505 39881210
27 32 58349759 63880905
49 50 16111001 52375559
11 40 31046761 35077668
47 17 51004424 74606806
39 40 78453289 79765003
30 3 57868474 80131534
32 9 71554414 75369455
36 50 7591664 10375947
35 31 36029320 78571037
21 32 628997 53058184
22 50 734437 46106338
43 50 20649709 33595537
19 50 11952900 33428806
36 15 476891 50557214
42 13 14400042 26172863
11 23 45177411 65276080
37 23 5378675 64314849
26 50 2943153 66813055
1 31 13459422 78295167
1 40 22997560 79896861
47 17 8636885 25590734
1
78535771
