2000 2000
1445 1330 8679293 49968942
530 1429 64501620 73190202
207 2000 27159577 80535180
1032 2000 10730878 53546138
582 2000 28524412 33416216
1198 449 34170586 85100178
1286 352 33360313 46914522
1776 810 25798018 79879991
1119 2000 20373696 46683510
1863 658 17257986 23541186
1 1439 22021730 23092001
1 614 15059894 39017312
1179 2000 25856558 72910340
1 1398 39367540 70800477
645 478 67889904 85830369
1276 774 31391957 45370241
1518 1474 39094099 66302894
1676 1038 10229990 23815218
1357 2000 19661555 79184146
1089 1238 52591860 53371387
418 2000 6363676 43510579
1870 2000 20422294 57421687
1784 1027 22285896 51803648
1021 752 62112441 65337762
1917 1048 3156457 59095160
1 174 11476678 36492441
1415 2000 21946819 81216105
1 493 11537832 37339938
1 961 5517481 36396910
345 2000 34515455 85602724
1 746 16427405 55799759
928 2000 15588115 58896233
812 341 45873145 53377122
1 314 8015237 72554119
768 512 4194393 26608502
1 798 43448274 73292208
1710 462 48430620 73112947
1 449 7380088 77295171
1877 1052 13205463 59619369
1987 564 25847899 36547396
1423 577 14226078 85105715
1876 978 51156014 80640326
1 420 64969185 65595809
749 1132 41400419 52296609
1 1434 14179745 39691979
787 875 20014559 66263998
1 1216 18242156 54400988
948 1006 28027320 37420336
742 2000 7666644 25131498
1915 887 29102868 69873237
1834 801 31884667 39906639
997 381 13617453 15175718
1 1290 21211988 72294092
1 283 13938818 45906315
1 279 4401688 32589883
1395 181 28659000 39821314
1 593 48267413 62582968
1277 350 40826493 51989485
1176 1305 24856112 31098233
1449 465 44772426 62574751
1340 548 46311 55459257
61 2000 34546432 62804116
952 1453 23190562 63917821
680 812 11470291 64853444
962 1126 17111741 86047595
1679 264 17981363 24068591
1899 1239 49158500 70981139
692 747 1592999 12803530
1205 481 1304970 8247831
1 1219 22017504 33369210
897 545 12194940 37980498
1384 320 19372838 63794201
1178 660 41610231 52402378
604 2000 30414886 81084365
1 1430 32440785 61618081
728 2000 67303276 86379747
350 2000 12912235 35217232
651 1468 19421106 30567887
1177 2000 6705856 44927792
560 2000 29575689 77004290
1003 842 46455608 73770294
1 101 9664744 58824571
1 1410 18782183 20377521
882 1058 3542212 33095339
625 819 24536488 40477816
1355 1195 51854675 59591926
1318 1301 2324703 60292724
1 734 9235839 76223138
1 63 1772829 66182658
1078 600 22111968 60049960
587 916 2859757 53527376
1 1356 1434869 30399249
1531 2000 11790270 69201475
578 2000 37036088 69032433
1680 1257 55510498 84632459
1900 1141 31441486 60526579
738 271 59945533 76712519
1973 235 61506247 73135742
541 513 35535206 42952356
771 85 54367123 59874063
1727 2000 73985227 77825744
855 556 49455073 67807713
160 2000 39149012 59574324
1361 323 4227778 23663481
1997 862 3300686 46147603
1698 1152 22816191 68199735
1 648 23806927 39781802
1666 156 25900525 85118366
701 2000 15590588 28756322
1350 770 18608832 60336313
856 468 7509923 32086231
1535 845 19638054 55601048
1289 1486 5407169 47731106
1797 618 4449372 18678746
1320 2000 7771413 42294376
1 407 55819519 67619047
1753 835 15518214 84084856
1740 546 6802782 17551499
727 1443 40366122 68284368
1071 772 24935172 33374800
1342 102 28232957 72165084
1077 449 17346321 69028374
1 685 2423509 50997638
1 148 60830367 82895309
1166 1127 3201745 18914402
618 401 47695622 70125496
725 1242 60861190 61307992
1976 1332 50568607 83264400
1350 2000 32694577 70915738
1 697 73901559 85977016
1551 250 36225901 67940729
494 2000 71069111 76579747
939 2000 7808352 51504232
573 1101 38921988 74403493
543 554 22942599 69801817
1129 704 35727167 61201215
1423 999 848048 33789503
326 2000 56824678 67051326
1786 2000 43408476 51970669
1960 2000 35082736 72501472
1423 2000 20549838 22023355
770 2000 3293262 68646275
793 1131 2064931 10300927
1259 1055 20955315 28977281
1235 154 16188934 65613060
849 1411 9241709 79628125
1003 2000 7628842 28049425
1450 2000 35187577 85197508
1 474 38405046 40004170
271 2000 45946250 71835831
711 1222 18545069 48434773
1551 1185 64800 44521391
307 2000 34863428 54522402
1 393 10497451 29296564
1352 27 23893938 51648527
1556 1289 2178530 78035965
1827 992 12113566 44221108
50 2000 23931559 81260629
1361 2000 66912348 70234734
1718 1410 49046940 54142192
576 759 20243240 38552962
697 902 60255727 83470356
1 858 37806073 76015240
191 2000 34705882 64088423
822 213 66244273 76118828
1347 307 45169160 47090270
11 2000 13834771 22454154
1 658 625167 52849562
770 2000 16723360 44804505
1 1103 45602646 47556731
1 872 42415268 70274340
1010 1062 39251165 72758176
1329 1323 1313141 20435160
1309 2000 11017250 65886616
1639 1422 37916149 71363705
365 2000 6930579 62099665
1 1290 15762081 72999203
1074 408 47624817 73867293
1033 136 3081826 39440011
1609 389 66107429 80088110
1676 2000 39175635 78058554
1950 983 10380164 80406579
1 526 49766496 78789096
472 2000 27473752 75158061
1145 1184 18546243 60022623
638 316 35151439 37240431
1961 2000 4459494 77029224
1 904 30273648 33496417
1155 952 53524067 77246200
1 634 29869635 30460127
1 1266 25580966 79733543
1612 22 2791691 80371379
915 1481 41259408 83606970
1900 1057 4516928 26110390
906 182 24071301 84797937
1 992 1681280 42589416
1894 2000 42334221 54311486
577 2000 4737798 77109435
1707 2000 8278435 57502937
501 1124 75965514 84238374
1335 274 8430849 25215802
1191 541 35723977 78050551
1414 2000 40287291 56893282
820 672 4070351 50728242
1800 537 38762286 58603799
446 2000 48743665 73113989
1481 1494 3871038 55096968
312 2000 36251810 55584811
664 689 54752058 71951100
1 1231 17541935 81884468
1888 2000 1670535 48437221
1907 1117 12226220 18396725
631 1107 52451988 69753595
528 712 44092480 83683435
1097 2000 4680352 33837490
1727 550 80555451 82921654
815 824 9525212 69760738
1591 658 47132609 68255450
1607 2000 3025566 16400417
558 2000 70168905 79790500
1 376 72479394 73563095
1288 1042 9092915 42995364
1745 1451 45610812 59674174
1 979 52826024 70844038
1674 2000 4032447 15935604
1053 2000 46059230 59657875
1697 2000 32974369 73011473
756 1014 30997383 45499195
1089 284 34908844 80012354
1500 107 14972843 85453744
1364 1374 15240320 61143084
702 282 60542264 74002072
1368 773 53201937 67713022
705 784 66945625 85119510
1576 1071 77016480 83371221
1804 2000 3969826 7299756
1958 552 53095421 84024755
1271 2000 15310893 71470619
1680 711 23635358 64027250
1162 2000 16471161 35790783
1146 819 35956953 35965390
525 1482 72956899 78399937
76 2000 42811597 78398513
1432 1012 26450548 68577320
1 944 77101640 80406381
1272 241 20610107 33849865
1985 2000 21929639 42801278
1 1144 10066761 46994082
1277 1412 15227148 34735467
408 2000 38244406 49271560
1965 1175 34175822 72310641
1102 2000 28988669 74960107
1184 2000 1190838 63519281
1197 438 65839380 68806480
1674 2000 14233760 20297455
1 118 74926770 77433800
1 67 12870012 26855085
1566 2000 59129197 70812711
1806 2000 13688113 60631860
1989 778 59520326 69110851
613 690 63803542 75631997
1 769 4808075 20607014
1075 1032 67543758 76019692
1 22 8428296 83941537
1597 523 40895135 75374080
1073 2000 20031553 30316480
1612 1180 58773611 67719515
1913 1323 9051406 9611530
1276 406 6414600 30666152
1930 2000 6114083 11430457
845 2000 41828226 64346633
897 29 37171583 52498107
971 2000 9690824 82412302
1049 2000 19280310 25876958
640 166 22678113 39908680
820 249 14314354 75495910
1241 2000 66373814 82957570
1444 2000 50592495 52821349
1143 613 26099495 30287703
1450 2000 20414715 50050244
1802 646 28217458 28495037
367 2000 10219752 13619815
560 2000 862601 68746164
1325 805 28108680 43325662
1996 38 28669746 75333531
1921 93 24142084 72759719
1588 926 10172262 68878868
1430 506 21560573 83472403
1585 1400 4660616 44821002
876 1296 7995983 25449759
1655 1089 42253382 74390076
232 2000 21295111 58601858
1454 2000 8903140 77894154
871 423 64073269 64140679
1382 2000 1480216 50977713
1076 2000 19975156 32569266
873 1131 2282094 3871120
645 563 58462594 66469882
1 1017 12172582 71111904
1 1054 13294478 74326763
1508 1035 10711370 14822435
1890 145 890797 34134895
1416 1350 43003354 74758162
162 2000 9915464 12137641
1 791 66656644 77858484
1759 1240 53168400 75233908
1057 1305 21641758 51569737
1787 500 58723724 73748828
1 888 15197026 19701602
527 994 19945195 59380239
1492 1472 247920 68000951
718 818 41381739 85284855
1334 393 41833948 50284732
1686 2000 9818310 47867650
1 789 33190664 68595216
370 2000 16531099 33592157
845 2000 31511911 55358684
686 799 16009860 47804581
778 2000 46850268 51244881
1888 245 62294867 82216495
1974 615 5998124 81542352
911 169 41362658 56883164
1531 2000 27410646 73871968
849 1043 41490836 52789129
517 2000 1034953 28272644
493 2000 33859532 78595383
1314 956 38037488 39005800
798 899 58702676 85265308
1596 2000 4331085 24370718
1349 2000 68038673 77497410
420 2000 18107648 19336000
775 344 14800591 69633651
1 170 21518912 48203773
1 1338 6696640 63490659
1513 1177 12611053 15247285
1314 484 9685542 24717228
1 169 54782568 73459765
1494 1049 60033370 63703602
1115 409 40478264 82443564
947 109 2480810 83079097
1 1380 15327190 32587817
1168 956 3028715 16964104
1 1107 4662428 79635587
1 316 19824803 57673508
606 614 39701172 83154045
532 126 33756545 61046051
860 2000 15675614 72740166
1471 1122 29798516 50747233
649 493 16242714 20607886
570 604 25951001 73600858
1903 54 40670857 47907145
1 570 59708244 76364801
1 108 37958629 63906592
1358 176 29750349 74995605
966 1030 56932781 60818303
1 515 63654326 79029902
348 2000 51379184 74050229
1 1197 27654109 35692404
1981 333 51984140 62548122
1566 2000 62157245 80045674
1552 527 37315242 83991879
1381 267 9251053 28377977
1154 290 52859259 62037405
1261 602 9978313 55660699
1792 693 19799301 45448765
1002 1060 44600693 65021415
627 2000 11735882 59382156
1 303 20280776 80810013
748 276 8878997 69714372
1282 1370 50115575 53239368
601 2000 55956213 67218179
761 1284 46126576 63868490
2000 658 58075452 82505119
1929 2000 8619585 25988455
1 518 18879281 32122920
673 304 8299008 52594018
1 1315 41546592 63207303
1946 2000 17654627 42850917
906 2000 38302423 39994023
1649 795 8155265 60570546
1712 564 5236538 38668548
1270 2000 245260 80141823
1589 2000 27768305 40238528
935 2000 1370210 37636290
1695 2000 6685088 58887866
810 1371 10916695 21349488
1280 2000 10385800 40909453
1144 376 52559461 64020945
1845 1324 4902249 68592789
1631 371 15184111 56765072
1702 1080 36321486 70808486
1377 1011 41597072 59026736
782 109 3867493 22845732
1 246 15376930 59053050
1510 208 12365888 53388752
287 2000 43112942 47036681
1413 1318 14031677 38491563
526 274 19178289 45184388
1 50 53882080 81763546
951 2000 1460425 67250958
1544 1493 40631110 60848659
1344 632 1267065 72064344
1505 52 4300455 71064478
1176 664 30928359 43202806
1144 1216 5499166 7288163
1 486 17324294 55177640
1 382 32713133 37893642
1881 1268 58700770 74203716
1894 224 2698870 52426614
710 99 34227054 49080486
930 789 8144388 30775036
1363 679 55064648 57912087
831 126 25429538 27614521
1345 493 29689617 71098119
1815 1132 6508536 83828232
1818 566 22801635 25284755
1601 2000 30167066 45992901
1 877 75274835 78921041
1550 1123 52641614 75052388
1531 117 14012701 35248868
1146 2000 31143200 75205595
1177 2000 18283817 51727169
1207 405 14151511 39495338
367 2000 9084545 32775923
1 1320 54484914 77645069
1120 342 27213030 62398924
469 2000 28780170 76866291
1 250 69461570 78768004
1392 1047 62205727 68031085
1 1461 19538013 60599768
197 2000 3711734 80332635
1 135 21380904 56822462
1671 359 72010045 81347040
1277 91 5569102 27313784
1365 2000 2432929 57208248
1176 2000 48560172 56947077
1312 537 66107753 86324971
1 192 41906282 83291696
1603 59 11511770 39832915
655 396 7198255 43214195
987 329 17282652 84117051
419 2000 10388420 19032354
851 1017 54850018 60292495
43 2000 7809460 62723337
1215 1048 14845686 68601665
1699 319 32454411 33573309
1758 183 4091355 82004468
656 558 14342908 44087097
1149 156 15748322 66416923
1798 518 40453643 66011509
1200 558 14200886 33068160
1 1178 17952226 22822471
611 120 39394909 62400443
1408 1266 8612205 57905720
1994 348 15556210 58282568
573 451 36581190 77350159
573 242 1851916 7248002
816 220 16113514 29225990
1932 729 18674593 63892309
1 450 15550488 83359524
1910 348 25068427 38932923
1 439 27566423 46445140
1503 2000 21084804 24923324
1324 385 43365199 73896509
1655 2000 34722151 57328177
721 2000 24777289 24922669
387 2000 36230860 64919276
1771 2000 12482050 19745883
1952 37 2659748 49290740
614 2000 32851426 56788027
823 2000 22027665 64110671
1846 839 69549592 85970130
1611 2000 18535222 42425255
1143 706 61768029 75148970
1611 269 14842952 68489456
1882 2000 16347606 43958228
1973 603 38398890 85295239
1 1148 30322688 67046199
1791 920 12154690 68751949
1738 769 12137536 30096540
1 1025 9528004 74977518
613 2000 21500792 57604211
1377 1209 2472110 85928497
1 1474 58788037 60085718
53 2000 13995421 20940842
1882 218 9775397 76717153
1 1053 16736762 55955051
1932 976 39712640 85096426
1 426 57204693 69769356
1001 1382 11231685 14322903
1 111 33854914 47606594
1217 1044 23732194 72365461
1275 53 40267422 54448128
1 705 5652038 76236044
659 836 34863274 58722258
668 1100 21507447 85927616
978 2000 58349905 69527045
541 274 52034962 80702673
581 1034 43873280 70715016
1201 172 39433586 65291760
1768 2000 30214701 84143043
1915 2000 9065281 18111332
1 1229 22751839 56332410
1931 753 44872660 45477597
1518 2000 62915802 77759622
997 1356 27756652 81544497
1 744 34881037 43946261
510 1408 15240831 53771794
1297 672 43309371 43547063
1249 1392 7219653 56392011
1514 808 55431045 61326105
1863 845 57880494 59216562
1824 1003 44982721 70461397
1118 2000 1908109 80097273
1129 2000 7585408 51402952
1250 2000 69245225 77574623
1 1035 37768139 78688895
503 920 27756107 31575615
1563 1367 66497870 74477064
1223 1453 2737965 48464858
1156 2000 21788360 35752339
1307 78 13707301 16900753
1102 1126 28465363 29577810
1910 1500 13173096 23220749
1102 1277 37826116 85682155
1593 1494 11370849 32590995
1072 774 59360276 60369051
1483 1228 28429633 33394978
1150 1027 33334447 56036032
1409 84 63939356 68441313
1 1152 46487688 60418991
1284 140 1679997 74548888
855 2000 34506699 72394442
1643 644 4340389 53139849
707 478 71805454 77475335
1530 2000 43178362 76709706
1369 35 6164754 16866083
1 1021 3259009 58050621
1472 162 43281159 77494362
562 356 2725112 71218387
800 215 12017549 49427963
1 565 32563006 80397568
1 688 35040734 35776354
1182 2000 78662543 78889879
1 477 28989651 70958015
1021 1091 21177707 49276103
1246 205 4728570 79866723
1 713 26946085 62169120
1229 2000 19813762 65527461
1220 937 10103172 12962923
1 404 29298716 65763135
23 2000 64677562 82746426
1 395 14077513 50749073
1297 827 52538090 58667033
802 698 5833228 26781664
1 783 72726257 85401495
713 286 5078679 68713332
1 533 46120421 69466397
929 2000 12185137 38946691
1312 1377 21732118 63322469
1230 567 30888910 58878097
1528 984 27571489 40327630
1050 588 39688398 47997744
1563 898 18416396 48655953
726 915 63420261 67533708
1567 72 12708003 45652110
1793 1196 7041120 40015969
872 682 26917476 70554819
1 398 1951314 44227944
1 450 1817445 59984256
980 458 20907962 74237265
1019 404 33502517 62050250
1852 478 20845657 41784664
1 1249 43827684 49620812
765 930 11045149 52562326
1223 455 26031687 33857783
1 824 30191603 30521740
843 1357 14596581 59750884
605 1123 28289165 64088457
1925 43 35666675 64337970
1671 2000 25863664 76201955
1176 87 4667881 26807196
1541 122 36366886 75984589
960 2000 49020178 76219808
1661 2000 13811162 71360102
1 559 60933520 68748683
819 1298 3673593 13166926
1237 866 50334690 71976246
322 2000 59449458 83242658
422 2000 9257750 13596946
860 257 5476791 72338123
1216 1416 2082991 71128492
1 416 48376896 57417450
1339 323 30429688 69914517
1 344 14446693 26602488
1721 403 20621681 54962715
1227 785 7764612 80184366
109 2000 16024461 68922138
1961 2000 50680700 63162237
120 2000 25762002 40781320
1722 2000 2148025 25964949
814 995 32665916 77474952
1 367 23293206 69445431
1388 1033 14312805 74908199
1 705 14020470 80233284
845 2000 25684092 83242755
1 796 14908121 83640493
1729 477 32531340 61086425
451 2000 52252821 56843421
1 1197 46034180 54286304
1541 402 11446086 34600540
1460 2000 22749821 23008020
1296 1164 2283679 66404124
1 261 39533026 80819093
1072 1419 3982857 21123549
1139 1498 18954167 77285764
214 2000 33446469 36706988
1049 2000 40326217 55653107
1 98 20075699 63390913
1 675 51401434 58618907
798 2000 61959015 86367255
1 14 67295012 83468020
1476 2000 1420369 20930707
184 2000 39013482 70953683
815 319 15328601 52862828
970 438 48423397 80464067
1 586 39425824 59183484
1021 2000 15885484 44902345
695 473 41976393 80545005
1066 169 35118900 53774561
1099 665 4790053 40049875
1289 977 26393548 70186175
1030 1128 3052879 36358421
1 965 4999050 70911095
1740 2000 5301262 25596468
881 471 14814330 22526859
1654 1221 27442439 29278571
1561 608 6859759 48011893
1 107 9452897 48455101
1 365 3036652 28629411
1283 2000 10243496 14467832
134 2000 42273390 66726443
1 584 16473832 62083504
1216 695 24188853 58948539
1144 75 32113517 59054327
1 85 2958156 45122398
1989 2000 10744364 56047771
1357 471 51553401 76602495
1 306 15747877 35628564
1983 1022 8969428 84425504
1 281 56234733 71565709
490 2000 50632015 61980830
1658 2000 12104541 36624544
1846 1346 80233991 80636251
791 2000 35826475 44951264
726 2000 13907596 76785524
1920 2000 33562048 80545847
1079 350 822825 82307980
1060 1334 72253796 84386833
1 603 33215804 69717386
1 428 16181430 36445016
755 1383 57264493 65511976
694 1219 4603185 17181389
614 33 33227720 52997310
1176 782 6900964 82965900
1333 2000 25104367 38139501
1200 593 46301665 53461859
1558 801 13315405 15028628
1731 861 38012695 62924028
833 315 9439717 16258665
776 2000 3292753 12485006
222 2000 8793432 10119181
1214 397 16234354 74715459
1650 1463 81314443 81955849
1 1245 23438999 37802405
1888 2000 59267224 81464162
619 1120 12289979 85041360
723 674 11196261 35777789
1 111 23828914 68903327
773 656 10193353 83488306
1063 644 71845672 76310681
1955 441 69211233 79992412
1 67 52187753 67979910
1620 2000 72048833 85525542
1 604 18568239 30211794
1813 2000 2155167 15640355
1328 1405 7864978 80389921
592 2000 12348418 31624489
1574 629 10619838 15938573
1788 1428 4139963 81403574
1 569 49083450 53383158
911 874 11539775 28562675
1 899 51725377 58225300
1140 1102 6406533 23423009
978 370 24024273 32670010
323 2000 22885568 52329961
561 613 2396283 21987374
1303 1221 53080000 54366462
1094 2000 33549198 76742857
639 401 67504381 74091774
1 1462 5141062 32856852
1774 1418 6028970 17645351
1724 670 5658336 85430405
1680 804 33133462 38549125
1847 695 21321377 41565087
1 244 52983254 66554127
1 757 15972020 57588665
1034 794 26318268 74465767
1 316 31793386 60603837
1504 2000 36110989 41849285
1848 2000 65216201 75401112
1312 894 49080613 60064415
1152 235 20918150 80747309
1 108 7934043 33936619
1516 792 53204433 84535984
1013 2000 2571503 18200498
827 789 11828889 67492508
1029 793 19886341 56700938
1 657 9074989 47210441
1 767 29513385 84806623
1872 234 15501742 19767703
1 205 44051028 67521306
1929 2000 67145277 71574777
1798 1428 27811719 52741363
820 599 48580461 52680645
1 300 4618889 82592485
1654 1056 21522705 65186729
1061 2000 40454180 74862093
686 72 67304112 77421347
1282 727 44542759 80099258
1 290 6279158 78814216
1 466 25420233 35831504
1399 1468 5442597 77311436
1109 2000 25084850 72167087
1759 483 21305853 67860530
449 2000 9963318 73409507
1592 2000 60515710 69422333
1971 1259 14063908 43186515
1 1169 14707552 24095426
1263 282 14371786 25410812
558 540 54430788 69236518
852 2000 13389392 18843872
944 307 75134947 83823535
288 2000 5803705 37757629
1 854 8383547 24649909
1 83 5313973 34549844
757 282 19264051 61805560
1773 1483 22968184 73023421
1098 1060 41648771 42318533
1913 1327 27265051 35518402
457 2000 11709953 49419739
1890 1003 8724897 71605746
1943 2000 16672191 60373869
1030 763 61134880 64757609
774 795 17599624 80226764
888 1322 10047772 55847757
1 538 4616288 59533941
1665 956 47296525 75545750
691 119 68142314 78669830
344 2000 6746949 62329527
937 426 35053793 58259841
119 2000 13071449 55941423
393 2000 47754451 62603374
1861 920 411648 23304137
628 899 31977446 56322979
714 1131 8511656 66808553
1088 1440 12123408 77418183
624 1213 4315982 82168513
1818 1044 8868059 78356865
1534 67 47651247 57219241
845 1068 48220245 48251690
1036 211 23223806 63096150
914 1002 20636332 35693261
1985 1344 22703498 46272016
1 970 36900310 73149468
1 681 48390801 62517033
1071 1424 14205740 86293908
975 506 29062426 79199872
1217 2000 30686120 57009658
1334 995 20718598 53439544
1548 325 72736260 76129775
129 2000 33957033 63405714
1035 1093 26458746 71236356
677 2000 50300775 51457512
1 82 2665249 16772044
1 794 57440109 78375624
1485 2000 38571636 66578321
1838 1131 19919822 48207559
517 252 11654477 60813279
1 853 24873715 42963067
519 2000 11073458 32990152
1369 172 10958294 18467457
1 413 21069378 58373249
468 2000 30391536 64779505
1 415 49080155 84310920
1 931 47724766 78881010
1819 783 41089071 70821222
712 499 32275774 81750136
877 2000 12636923 80917483
1 1358 11474534 26216733
1 1458 46804279 71730600
713 1391 12561427 52439093
96 2000 55285869 63943473
825 2000 6638016 85606061
552 650 16878779 67042470
1 819 25657349 45046552
1 1044 5526691 64227966
390 2000 1511790 14081790
1 143 19125659 52881170
883 149 8744317 74553385
675 561 3712004 19523545
538 2000 17756078 68173144
654 303 43751412 50336712
1385 2000 58321344 65127663
1173 818 2043723 70264013
570 2000 35487719 42382388
851 989 36853326 51227403
659 820 44738403 45054023
1888 725 9376227 35242512
687 449 11563045 80541956
1 104 44350448 83150888
1223 1368 24809390 79682804
1418 1065 44420024 66977711
877 1079 7904634 79417787
1 1148 48820722 80913894
1333 158 10052480 57709038
1 1253 24227964 60055395
465 2000 45725185 47869134
725 2000 44705352 68329402
1723 2000 6090546 54608028
1789 2000 30077827 45916514
1159 108 31254765 48497347
785 422 71674828 84519285
1405 2000 49352216 52026487
1632 418 62121849 75995428
892 543 51820353 62703601
584 1311 36803112 72790020
1859 1111 1810368 46809617
1829 2000 5816978 41119102
843 755 24332167 79756800
842 2000 16111603 86073216
1014 88 8316940 23072756
1707 1400 64948869 74146814
764 462 43211173 81523360
1748 664 56823464 84562635
856 265 41700322 75326588
1133 368 68485357 76836787
1140 426 7897590 39082599
1497 154 1544242 44521836
1228 2000 29182880 36948664
1518 2000 24904320 76391443
1 1296 4586622 36579155
1966 2000 24125384 77481873
991 645 23029395 80574102
1539 2000 17342719 75706929
934 1478 2939289 13587046
1435 834 18067570 38717795
1 1251 14007563 70315339
1890 900 51654957 63118217
561 572 30538434 86160701
1269 88 33354218 50266801
1207 992 52129278 62710037
550 87 62855152 81780388
1430 1416 9794917 17487153
545 381 49851589 77582760
1695 2000 24270060 29927221
1175 673 66400801 67582855
597 541 33197799 38498511
1397 2000 12720338 13240165
1780 2000 28938388 72288644
1476 1108 22460711 35235757
1100 425 19665368 65779251
1 947 26946290 44104914
1419 960 20911956 50067392
1987 324 2744027 76169687
588 610 12818049 80937918
547 2000 23351496 46010146
1969 987 15373502 30102602
311 2000 21227330 66971612
180 2000 50788018 75486885
1598 396 5824482 38739184
1755 1336 23372276 59363167
1729 1322 33240667 36853559
1549 380 17877890 27546624
1451 278 4657411 34649029
1611 406 54708228 81513746
1828 982 51186006 55176940
1251 1107 36086742 84736995
1 306 14526469 49698231
1092 873 19034390 68359792
1676 20 15281622 21549322
1 342 51701206 52971250
1 886 2556708 74239917
543 20 31689607 36713485
1032 482 1184276 54522266
640 2000 66186600 70670842
1371 989 18562176 52676404
897 1027 2505262 48946697
335 2000 41247760 79837872
1506 878 23341812 75040011
1473 2000 29472656 54756087
746 2000 32803470 76905096
1209 569 8704088 61967316
1 455 42928430 59427246
699 306 34357212 79013934
1 216 27957684 64238145
435 2000 72411115 78596709
1494 2000 14585158 55903080
1 1057 7994329 30508022
102 2000 14143145 53755150
1664 2000 38167713 74238598
1859 917 43669526 51800629
1255 479 12402045 42698434
626 2000 1474323 84145433
1391 1462 28589144 57235899
707 2000 62035485 64603376
732 234 14908744 75223736
792 434 27928710 63923739
1865 337 11843663 23780028
1359 2000 38164168 59412505
711 2000 26820802 58375999
1779 2000 14844233 32946877
1391 891 24249737 54913874
1415 385 5121459 29963228
1356 1178 3730449 54484170
1087 292 3494869 51213246
1776 143 66620326 79150885
1342 2000 14997022 70571719
1 394 34210242 46854266
159 2000 50337558 67697576
651 2000 31585836 32430936
1147 931 50297964 60418870
966 1109 32416488 57103090
1118 2000 4014247 58122607
1 81 19207523 23999151
1 844 40474917 58175207
523 633 11469864 41435929
635 85 5290758 23323893
1470 110 49923478 73178800
1986 2000 19129254 77943640
1809 1077 32844386 53669279
513 2000 35664644 75751202
1956 2000 8895388 53885724
682 2000 68250285 69077828
857 158 41351770 66535081
745 2000 19006484 46539547
553 2000 19199657 67496598
841 747 23376021 43303444
1531 1485 16499908 66212407
259 2000 8258300 17235902
1148 671 40554403 57741164
1616 978 49797550 50726883
807 2000 18230628 35773440
1221 2000 6013394 30105103
845 1323 13204887 25173124
862 1499 24350337 45524455
871 352 47140693 83030239
1378 247 20101193 65672181
1861 2000 44637846 79859508
1863 515 6449382 41393385
1245 916 1976952 18367684
1490 150 66487154 76488882
1563 631 38398393 39540229
1557 1437 27391289 46106142
1 1301 27406639 66712567
556 989 15588600 85123763
1537 1249 27270651 36700065
1306 640 57107671 61480139
1789 107 15746147 76583834
1 1114 5053788 31883252
1 689 41535132 66298392
1 660 30579183 34898928
1010 1009 36413075 61237963
1962 2000 25237933 47174360
520 443 57961695 58658343
1612 1344 19407617 83041082
687 1150 27554580 59668786
1 329 38171936 68583899
1870 2000 22612207 53144909
1696 797 33478323 72923495
638 199 32184513 82028706
1328 1201 23807315 66949943
995 909 10454231 80725507
600 311 20652046 82490125
709 453 1600854 54159743
1873 1308 610565 64637482
1219 2000 5405190 39408963
1595 1259 12833506 56365563
774 261 37109670 81811823
1613 604 7520775 17627863
1149 1480 15838094 46812652
1963 675 335870 82935754
1 215 4932916 31935166
768 990 50459049 78663583
1036 193 2674807 23818397
1842 665 69321141 70228038
1640 1108 9311206 16619828
1 954 4841404 10852968
1231 299 35757626 83572358
1845 1480 45729222 66454277
1098 2000 48899561 62390000
1 1188 6376652 13998491
1228 2000 3786558 31006539
956 927 68994736 70010196
1726 227 3895982 80051253
1 791 7633313 15943725
608 2000 24135896 56047545
1705 2000 1045938 85301118
1 450 13180183 46847586
1654 2000 35741090 71043851
1352 1428 41352284 77335625
809 1163 20452735 24572136
982 89 40966689 60157780
772 605 59656463 69031208
1 883 29174132 51518088
1510 768 6014615 59106361
715 414 5266022 38916718
1561 2000 25988031 29211411
1 407 5911050 63940492
1740 760 56331326 85811219
743 1245 30599105 47605072
275 2000 48385158 65122092
1640 2000 2226243 78932261
295 2000 15627796 35723875
1 458 41239006 57347008
1338 513 30650671 65389186
1 1454 43427878 77038951
1933 2000 7862825 67854633
456 2000 15673905 71641730
334 2000 42403031 84163560
1274 1069 24530762 38116692
1860 903 32155065 60418237
1 406 17368640 51349144
218 2000 18794185 27898855
1 114 69007673 81296547
1190 940 24253591 86065307
1 825 25386485 51053407
1040 2000 68955817 76601445
1322 1386 20791043 63562632
1964 1040 40519104 62394871
1284 934 31040568 58946434
1453 1267 53398230 64966457
1166 1228 10349843 57264212
1422 2000 48874273 82739111
1 1300 48069915 51866042
860 1094 46391474 80974647
783 2000 17148558 76484710
1364 2000 17209907 62558461
1 270 17427373 32421022
1468 186 69294393 78245629
597 529 30969830 64087038
1052 656 30620332 84257405
1737 2000 42728274 64381186
1024 948 67579582 72784476
675 2000 40023591 81796730
1350 202 2368824 57442232
1016 82 51305405 54128099
1 177 73156245 81974991
1707 120 13089156 13227319
1 334 34956885 67595900
1354 1164 66483253 71503056
753 608 24692244 28787443
765 1090 53033368 80892343
1375 2000 70547232 73243591
1169 2000 9660088 20255756
1719 526 12907875 24376346
1045 603 6725989 10609246
1017 1460 10043510 25815630
1 1307 53163944 64781289
361 2000 2489504 18361253
416 2000 25812553 71116028
1820 648 52798650 64535067
1529 1301 11037603 77995736
10 2000 9961755 45604945
640 688 30877637 72396435
774 173 33940251 42537013
1019 530 1285630 43684211
1859 303 79529252 83671970
1819 145 38109003 65732650
1736 935 32223407 70190515
1 1040 1306796 80449893
1507 203 62058044 83307254
1 1026 26033093 72334875
511 675 19732885 26040922
1955 93 11204352 34937279
1 949 2274621 30281505
1190 516 25846367 49787558
620 321 30117872 54790537
880 317 18458628 65949010
1779 2000 16751196 48425619
1165 1298 48760479 59974754
1954 1276 9806271 81800257
1699 28 32268798 52619003
423 2000 31687123 56270271
1551 1151 10813006 54992823
1338 1273 38477076 52123908
1981 89 40726070 82686793
1061 342 2893738 62564182
1559 943 65019367 70876325
282 2000 19677240 56383372
1942 1037 18309533 56657189
1686 2000 44832121 76739129
1 992 32002858 60801306
1549 663 11903004 39998097
806 1124 37303136 80058819
1013 2000 33090587 37795218
685 1164 17087200 39367534
1027 2000 22177392 27901283
1542 2000 22075492 83837719
1601 1094 2596386 74683440
1161 2000 58418915 60303663
1174 696 36519320 77820084
1 942 42955754 70647580
868 1273 26338155 39114964
1376 408 16402792 58312324
1 359 59974913 68741411
844 2000 59773947 71883343
756 344 45608971 55006966
1 1203 22271745 81929327
1 121 46625086 73837872
1116 616 57539977 64154730
1360 2000 60004393 84657458
1688 1342 21606180 41917018
1 337 1422485 70852251
1 1191 34172303 34678727
1 153 42347026 65932483
1253 1317 15191364 82086781
1030 2000 80191326 85570602
1531 2000 78787767 80136950
1542 1443 36158328 73705626
1410 2000 19476950 20557639
1208 70 27954779 56260227
1 1086 24917942 47060519
524 745 26029020 30123638
1080 1211 39483873 65569773
1950 2000 42912025 48230924
1300 1301 2881656 65454213
1137 12 49946573 86336044
591 1399 11294488 39940658
1798 207 30226327 53433936
1 466 3271369 7056921
503 790 22339325 69784954
1 170 38045013 66582806
619 546 19087644 25069245
1281 108 10081271 22562836
1074 73 19692830 44203822
1492 442 21471882 69000538
743 754 79023053 83038061
915 1411 27532381 78584475
131 2000 26721133 71884227
1300 246 4444430 15874751
945 2000 29945310 41018683
1 299 41795653 50811065
1 914 7699843 27738289
531 2000 15602576 71005017
1258 1239 13207446 77438716
1644 2000 37400611 51899735
875 109 48920379 56044826
1838 2000 14151876 16164335
1951 2000 18986922 25571962
977 1273 10049587 16526418
1420 1489 46053270 54148671
1501 726 15736114 46472892
1952 1370 1855251 65922228
1503 476 33078724 80717844
1226 2000 43235156 76160031
1611 1300 33872159 46111315
731 1430 15569025 65324865
858 2000 17845483 53374597
524 2000 60788789 72877586
1581 433 12629269 27515693
553 2000 16468289 50853674
986 2000 31487791 37598319
1013 1029 20674540 41021918
1006 1426 46871376 62940174
690 1341 46057932 75010583
1119 2000 29131679 52323949
1083 234 2291835 15335534
699 2000 14195435 53742973
1539 2000 51748356 80836069
245 2000 10177746 31531511
1223 1224 22472287 28090185
1435 1124 42307760 55192679
1063 1189 33454386 63645098
1232 696 31275038 61422563
1553 2000 8766731 60343997
851 2000 8859408 83017121
1 193 30871362 38510748
1 559 66683937 78928392
87 2000 12411959 16586598
1557 453 21589516 61200448
1294 933 17166236 42952945
1186 898 4265937 63434484
595 1349 25190658 80435490
971 2000 27604176 54962976
1497 2000 5843560 43225626
619 878 75701731 80609300
604 2000 12991609 58007728
1 375 11165484 71469179
1035 460 46151140 48168241
617 1071 11657212 58011157
1 1191 31525181 31877564
1 539 62553878 80177677
1618 1358 22041351 74999983
377 2000 11946202 55449870
916 374 16722739 29449312
779 1326 45089021 72145313
1090 684 41909076 80879470
1816 2000 879697 51804613
1 457 18576847 64890961
1508 585 29869292 54628456
882 990 68448566 76181864
1212 2000 26696640 85246054
1 1361 21966514 31154897
1 766 6499320 80693578
1618 1033 53783868 59296528
1 1216 43869516 80600834
1419 553 477237 4643439
1768 321 11431940 71330071
1821 1183 49184901 72225780
1 370 55799721 78866172
592 1091 2300218 63286807
1683 990 53314232 79016423
1 548 7528509 14601321
1 92 36049299 54673372
530 1458 6369990 45195358
1979 2000 71079583 83940596
615 1277 6560412 42940729
1094 1241 7901657 76065118
1929 1207 45026709 49215076
1316 781 38238621 71404123
1 818 67686677 69414572
1 504 4179301 53706951
1562 2000 63313999 82845846
1598 781 5140843 55002476
1 976 1036082 72041131
1419 1392 72486593 72933627
541 888 53510189 84982014
1545 1097 30710950 63017537
748 1038 23810451 33216181
938 2000 21489176 42068690
818 1278 18366977 68256399
926 421 20938713 46575461
1976 276 17696351 50428106
1131 802 9188968 33797208
903 2000 14900058 50565444
1990 2000 44347431 63883610
1 527 46107274 74640134
822 206 12894241 37941079
1 216 37846367 73292418
622 2000 29141941 44986426
1133 908 7070524 66251696
1326 44 13307920 28870675
764 595 17626707 27719108
873 897 50144179 74069596
1673 84 22450343 32387951
1330 2000 7075008 28264169
590 2000 13336106 59269529
1592 884 45365434 83881313
1 1484 1448982 37781646
1 941 29997054 79361164
998 518 3199962 79320814
562 1211 46795780 56765628
1 657 3330935 43235432
939 98 25059338 82374993
1 1488 45075477 57391510
1802 1376 49553286 82535998
1713 587 27286997 29425800
561 1071 48595493 61924634
1 821 43490090 63417780
1 1467 35143067 41919557
623 2000 12114387 81206744
1823 1305 49114371 56874708
681 973 25215562 34288335
1921 1052 41599038 48705523
1 1484 32902206 55295631
1557 232 634994 75666575
681 291 11792676 34758687
14 2000 53087797 62747521
1 631 11862350 75633429
1286 2000 58184775 68221589
1518 1499 48560641 71264116
1213 194 12044348 12490116
707 721 12994277 33170613
1279 2000 20319071 46358064
1307 679 8262174 75385704
1 1196 15055743 40919615
1044 964 37414962 37840864
1314 377 20078489 30428353
839 327 12962519 47742080
698 1292 5535940 23179020
640 21 62806461 70267161
672 2000 15769731 62123772
1345 613 2874938 15088874
808 147 306782 55088991
1419 2000 30064895 45025200
382 2000 80158204 83731242
1994 218 18876800 86014419
1 148 81422321 83519115
1 686 21874866 40609215
1 1136 47016178 49723328
1422 260 62760945 67187525
1496 1433 11183277 16184326
1302 2000 49301723 52215596
924 83 18023261 25131138
1484 1462 61616917 78069326
578 2000 64261217 74680947
1784 727 5392816 27973395
709 22 22756180 84349850
1792 1043 38023483 66675439
1371 608 36654163 81772699
1405 2000 48614508 71364027
1 1097 52240772 64158388
517 1395 49044978 50495337
985 2000 645864 58206471
841 2000 9673606 27133126
1263 681 16521892 77991362
1338 477 20715457 63753682
238 2000 14246401 74999892
797 290 57812359 74511237
819 1357 8670681 49631396
1 1361 47930235 85770849
787 2000 15733095 47610049
1 894 79842394 80937985
1 1421 28525548 34903794
1 1382 45416629 77469835
1 1393 8551056 42062586
1298 182 53760720 78657648
1 795 68091161 73153040
1675 480 7121168 61838088
1477 906 60199486 83840338
265 2000 1294546 52718490
1419 1358 54345332 84853722
1361 136 24224274 52191622
1 946 19271539 32702339
839 2000 3346874 68761025
978 533 39769771 82411327
1060 837 43532652 44506734
723 2000 35129832 49345868
1506 98 37662040 64667652
1444 106 24840612 51298641
358 2000 41619563 50069619
1700 382 53913888 54579280
1844 1281 52441652 67818819
1141 2000 9180360 58536016
1 1216 8958243 65342834
1441 464 42870630 62462459
1891 108 11575732 27936428
1 738 16159944 57913024
1346 782 23734124 44126490
1071 253 4149918 75100714
250 2000 67619447 68800700
1 916 1896546 74542328
1150 883 16286881 72520470
1 371 35962078 81160851
1625 1162 22179418 64973325
1684 1221 4584421 44850278
1 1234 51029137 78815004
1 815 66060197 78106173
1717 2000 1722163 46054640
1140 313 13950784 66533851
84 2000 62200222 70003105
629 203 62624800 76893147
1840 1344 2052133 38227069
1 385 1816696 68412338
159 2000 23040350 51380852
1687 2000 20581086 26000601
1 462 5957018 60949136
1806 473 803351 65612042
1160 1346 22214677 47004393
880 1047 6916979 81976939
1794 2000 5213415 53633466
1368 62 1771940 39409546
1 314 64143547 85396566
1822 2000 1632300 14530596
1071 2000 4541716 52561813
1202 726 52553246 59598070
379 2000 7323748 8889337
1683 518 35382467 75522250
1619 63 7820189 71901479
536 784 53026195 56209112
231 2000 34454158 76386078
703 827 26854189 41206472
1116 2000 8864488 59032469
673 413 54177650 73824390
1799 1180 2674552 82987566
931 1165 35091843 56191352
1 56 15703438 39933433
1716 175 15201160 24352545
1852 2000 39340143 73347850
1587 2000 63809244 77629511
131 2000 44579186 64100868
1 519 31973015 32929248
1 528 48307192 68422766
1258 1485 17527776 31450112
1972 2000 56519670 73506971
1 396 51309400 79774072
1 1010 10801057 11525181
813 2000 3775673 51666967
1 123 53517089 85213272
1 146 41449793 52210547
619 1473 62542880 85804501
1234 793 49945856 54662192
1605 217 42657399 53075359
1121 104 51710412 56463915
1153 625 21973695 61286003
843 597 7491088 70628268
1116 536 60149244 79037395
573 808 30161997 38453163
1 1201 9057253 35588767
1574 1341 17504898 46649018
1860 1216 41293670 44250249
1 379 27398973 29709092
938 107 38662146 77641270
783 689 2644802 83867088
1918 779 56798625 77534251
1 1267 6746978 74212922
1894 837 7189019 70581057
1421 2000 19756726 47045301
994 1282 5672693 25293150
1609 502 12779694 79885011
1871 379 787456 39761021
1 359 39314513 44196064
1 474 53724943 58988999
1972 1090 3884228 70536726
978 152 62539466 81038523
1708 643 32192718 51835810
1774 1027 17901601 63907694
672 733 63433408 80052607
1892 282 47952523 52899913
1521 2000 26490911 85179157
891 1251 6296424 85604062
954 1458 7967414 61510973
938 2000 5765004 68864274
623 698 21178032 23097645
1670 362 18462377 51980331
1931 411 26402257 52024733
838 813 8151297 60060483
1574 2000 81355575 86034890
564 722 16051540 84699314
540 339 24080333 68063588
805 816 8723932 11305913
1 606 56924970 70065886
785 308 10687787 18879604
1 1497 22582708 46975237
1 470 32840245 60419178
1706 137 10415164 34157636
681 1191 1246341 55862166
1111 861 52758014 71450470
1671 566 27099689 41863850
1730 347 53048551 62239559
1 1120 69860129 85925721
1 1012 10734472 71673481
227 2000 45169339 72482309
1191 431 41769376 66875724
1 1388 18335165 85115301
1157 1060 44109944 58431901
1 1433 977550 53179092
730 2000 6299382 17882354
1399 962 13322086 32267975
1843 1249 15140091 57872368
1 793 26583799 56386275
1405 2000 23398713 79533488
1652 1162 8678511 50908395
1 1078 14435475 41111879
895 1234 69597813 71817417
1128 603 13823540 17053630
1034 2000 23557361 26892433
1872 1061 25262004 65879677
1688 2000 28634701 70852955
1479 977 52259987 55897003
1933 15 17793740 83225998
1152 311 11683464 33467947
1154 904 1726019 86356003
1883 2000 20033037 49295524
543 1322 13258863 29162273
1337 1356 311427 80328749
1081 2000 20776618 23873147
536 537 29064679 32168962
769 888 44342242 54153149
1650 2000 17230772 70513374
546 1055 36997570 67987659
529 803 57130090 81214760
731 693 34397820 53403840
1060 2000 9231003 16755995
1873 2000 67772372 85127464
548 403 75030261 81487571
659 161 33786987 66399600
545 227 8390797 82391924
973 2000 44408173 65442233
757 866 7283063 20048951
1 135 5250602 79709334
1191 333 18192960 71995648
739 125 31135963 44604432
469 2000 33401747 73035617
1484 1118 25606284 73556988
155 2000 25736600 76813861
1041 329 4431667 43605904
633 2000 37563990 81057294
1971 2000 19755848 63150260
1797 592 48777141 57945233
1853 650 36409351 58368876
708 837 54402543 55355098
1 1250 69424698 75550966
147 2000 27950333 37707535
1405 964 9076119 77451431
601 667 6163897 51001731
1021 735 2519389 31480596
508 656 14735788 26468346
866 2000 39530904 42728843
683 641 72982453 74673686
824 1139 3304415 80258652
1726 193 16311023 24191362
1100 448 39786455 48627167
1703 683 10550193 21008824
774 2000 67737946 78906466
1301 2000 18967262 53461219
586 326 31566490 65653251
973 839 18880393 36702032
1675 145 39284451 78829449
1602 657 560208 13742536
1048 851 62720280 77867360
725 1259 39941974 82466414
1067 1189 17627518 45618039
1 1191 3579227 11255843
1 881 44252911 75838346
1835 1324 47753840 59199190
624 908 4355203 54194984
1 1142 57997861 60303573
1394 250 34326646 63431612
812 2000 16255681 43941546
847 2000 31618498 42966654
858 1122 6966196 80473279
1 681 27059171 70774325
1 24 3537877 10872583
3 2000 27011261 67830728
223 2000 22767103 69164842
742 700 19364413 29438205
609 244 31686183 73291272
825 1034 34462425 39664196
1137 783 8531771 41266678
643 222 70885131 77112603
1268 2000 10782559 69947453
1 682 22850448 63438275
1458 805 28601915 63053787
1172 721 14862891 19991436
120 2000 739984 65191301
946 2000 24695534 26504006
1197 552 29274043 45321216
1520 79 11183967 33919501
993 2000 39819770 46832569
1999 962 27341187 67821881
1294 187 471041 28805722
1920 939 43137162 74991876
1665 394 65342214 80155333
592 2000 12404946 38348166
692 268 26700874 78518272
1 1116 16764217 48675334
557 1300 14141710 20993547
1004 1211 27798975 50545651
1 632 65525944 76840956
144 2000 22071917 77455155
1606 2000 5229623 7211957
696 2000 63330589 69838912
1 29 23762010 45646451
836 492 5817549 80288780
655 49 22549559 85348808
1495 47 13885761 26039444
1 1412 29550980 47459392
1404 2000 15593399 62969923
1286 449 2156995 24227287
1484 1039 26477769 70298305
1828 349 64792353 81523042
1 22 55220727 82275448
1950 1316 1864222 70579215
1 1386 58372340 66308278
801 2000 18251516 79013883
1735 1386 14233134 49412304
106 2000 36731528 49636527
566 2000 44826301 60536827
1 881 37314334 66827246
1 230 14778099 66891978
1147 2000 41592868 84928831
1 178 6205306 53008525
1352 554 19637238 50529970
1969 599 4115958 14385492
1900 62 16931090 59120358
1302 191 231338 47567309
1 104 4175463 69172101
1643 1055 14546783 73424796
1157 86 21040350 45582246
1652 1102 3323327 29282179
1561 1304 52717239 72312755
1734 568 11521767 28292743
1 1089 30888687 84197704
277 2000 16398456 26988402
1 832 31414517 85360931
1517 73 41712130 72653064
1 1332 6166456 10269863
1609 281 14612800 21648132
1438 710 9093444 28268168
1207 54 3295265 71948087
137 2000 12132639 50442009
1868 206 30901826 74849533
1612 2000 18296224 30060975
1744 365 7844969 51806767
1968 654 44648206 69789683
1 1067 32597925 53826594
571 2000 14169550 63786153
1 636 69599997 83973844
1691 830 26317176 84651049
1351 2000 2606159 83084890
857 509 22129134 83576126
1 1381 47867283 64452779
752 2000 41277356 52975593
248 2000 61610063 79002390
1181 2000 6683861 34192351
1523 141 48725192 73691691
722 544 18208141 82125370
18 2000 30805418 85422363
1 866 10508910 63175791
661 1435 7938870 23190577
1079 2000 2720504 4087223
1805 2000 12932867 47096195
1846 654 5253277 84893900
825 1337 68333530 81586864
1198 877 16712862 29507230
438 2000 43486825 46394344
1126 821 55896232 73771523
1 656 6168068 17559816
1627 1358 4629214 37175459
619 2000 17311025 27025201
1661 722 8177919 16951316
1004 450 5731137 68191665
1717 1124 1411928 82975413
1 130 12820412 45574576
1 1130 33846308 36574903
1863 647 21553236 34715612
1887 433 32455824 72190505
1257 2000 13919404 45755104
1051 894 60724031 74250432
1 1158 13035472 37125120
917 108 60469650 61177108
1 5 54075866 67582305
1832 572 14773440 22235842
1612 901 50039001 55122332
1124 524 879791 50972857
1504 528 32886676 78363985
809 1262 67174147 76178263
1384 1438 15623628 20747925
1614 2000 44140628 54161745
721 142 11521597 49367569
535 1182 69002117 69446214
1 760 36333579 54709558
710 872 12703875 83204372
1828 2000 40635647 69456977
1854 2000 6157161 67905427
1819 1245 62706310 86222325
1730 925 2724381 76439876
1130 2000 31933062 86307244
243 2000 33230358 58284287
1046 721 45817668 59377154
1754 778 67826518 70321292
203 2000 3074765 11140944
1358 1458 4890228 66094355
141 2000 52862291 64030620
1843 2000 22404888 28296897
1485 2000 12883220 43678638
616 1391 23127214 36847158
1 1286 17802357 21570630
1 332 10321714 19979743
1472 1031 14729612 15637201
1032 2000 47694172 65451408
1901 2000 29183295 58220854
1632 768 59168628 80843730
1578 955 56330054 72963965
1776 187 30033631 56050411
992 1049 27995615 30046838
1157 1359 21042326 80222766
1450 427 48637626 50220497
1297 1153 24806792 86034473
1903 631 49391338 64506095
1 280 10760938 46485502
1584 536 18620582 84386984
1817 2000 4162253 18095181
931 2000 1238599 2362647
1 132 48699766 60899133
1412 1235 37510675 47495905
1285 1488 1415253 25088106
1035 2000 8991783 10541831
1 599 9451008 58044848
1675 633 38725990 61887935
1162 2000 20183853 36087996
1 548 37647032 56323695
1900 2000 49414922 82969000
593 1271 29182679 39430726
694 392 42708729 44185111
1 494 9257211 40289035
518 1126 34816181 67503396
1365 56 67724151 72805895
1271 769 32658514 63455360
1294 709 24563361 38151718
1499 312 13333621 33089621
579 367 3726253 16072157
502 419 1755011 20118295
260 2000 27510454 36163925
1856 261 69377686 69981846
864 892 3573424 60589779
1950 114 79798021 86215303
563 2000 49499592 69657766
702 602 17117159 18767564
1838 1406 59786831 65567556
551 2000 27049362 34071308
1349 1377 21365154 45961392
780 573 4010559 13849544
707 209 16279245 21755924
1204 866 2001524 43378435
719 1088 49895580 82520827
1052 658 10868062 55605456
1 1384 7846754 75653261
1 1336 46761000 85549025
611 27 15849631 28848786
1444 2000 2206299 40711712
1 927 71135585 79166554
1 456 586787 9607042
625 1023 15971042 27682150
1449 2000 43045871 69009618
771 1012 63357912 80024793
1684 2000 23296565 37979480
1 1471 1906561 79474571
1135 24 17544995 68907461
437 2000 32342147 73598169
67 2000 20854455 85811635
1 301 66975594 72384381
1148 91 67816181 73311363
1623 1367 29018588 56720269
883 534 14791302 51781653
1623 495 20262469 44959027
642 2000 20332142 24964229
1626 2000 5135669 56135599
1752 1045 69231903 83736360
1451 519 63125788 84898909
20 2000 26167815 31971567
1503 1240 35721909 69674098
1595 172 16803938 38529203
1583 1024 36069122 42554938
1 1412 59347883 73788160
624 960 52821882 75060215
1981 1341 42477834 46152776
1856 2000 25551859 57444840
1970 287 27829178 54722932
1940 932 6088364 9781300
1827 1121 681895 31419052
1946 2000 39668178 42265525
1488 1404 49253962 60691635
1255 1039 6068067 71484700
1 1018 29479619 46401618
1580 579 15837036 22470535
1 1139 31589603 66676873
1140 25 58166863 75966782
1620 1170 51613089 62331787
1172 2000 23885716 60449917
1513 637 3426276 70642448
1 286 25355849 59066665
111 2000 22083912 65038822
1267 851 18379284 83886741
1167 488 20769574 68881158
1 452 40150279 55060716
1563 195 16926010 52558125
457 2000 34781202 78995419
1698 1006 24541121 25153739
984 1250 52716569 58115080
1984 292 62600119 65485318
1934 2000 45487440 62020573
1916 2000 7810563 83032821
1373 1104 40648968 84617818
406 2000 46444764 82125881
1442 231 30885805 32764639
1255 1138 6561740 7668086
1571 358 36384059 46790094
120 2000 33870015 71398586
615 1132 47429572 71931162
1314 2000 17142200 85046903
1 1333 9884946 67187801
1552 753 57139631 59534237
336 2000 13202453 59889620
1 1406 49778797 54140187
1970 192 6000432 17412631
1586 821 1469671 48402354
1514 799 36924022 54605184
1427 1353 16266541 66412070
1887 420 32138530 84231831
1535 1273 45586490 59018175
238 2000 7827819 59018164
1630 1344 54447257 78170296
1 725 2531378 20305021
524 91 12059299 53621276
1171 2000 15446157 30004586
1508 172 50046261 83294049
1247 1239 3257201 83868052
982 134 36010983 56434068
12 2000 1665487 40975273
1784 836 6195263 23989871
1622 1202 59965287 78178477
1191 1051 41594718 52499456
1658 253 46323360 61450466
818 1134 26831203 81367800
996 346 11455684 21060586
1 580 49660753 75776870
668 386 12982835 76444310
1164 2000 61825282 63235709
1113 2000 41014691 58228115
561 1476 18077666 37435094
1026 2000 26337193 41758266
699 1 19326537 31310349
833 2000 4720589 79264547
1610 744 6156462 26162598
982 2000 33908442 54623611
1 1400 15682286 46587049
1370 1201 6055809 50181150
1593 571 30008854 52703001
1352 2000 34238798 48665406
1933 573 8607197 54791207
1 113 26442342 81182912
106 2000 55580567 82349601
1134 618 37878703 74890559
1472 955 7637628 26998605
600 708 73813413 76465547
388 2000 50161541 62793596
909 1479 43150808 63709050
1479 353 10575973 72320253
1 1117 227163 53096508
887 1333 38621732 63613308
1130 694 47915977 75996303
1 466 16885781 66290486
1516 303 23961298 79864788
501 2000 12806589 26152833
1980 78 25175273 71547951
1555 1203 55685989 63071564
506 550 19323546 29097408
824 720 7599480 86167202
1832 58 36742913 81353702
1664 1304 10881856 83869871
953 829 36333945 45939090
1283 379 43046583 82805947
1294 1153 6912673 21122526
998 395 8655830 49758806
477 2000 19143168 19764338
1649 2000 49000410 59924260
708 2000 32964308 54967978
1682 1179 17093557 73814403
1940 2000 7995153 59437343
1772 2000 2423970 25191115
831 334 7010908 69850712
1277 496 42326834 59425017
1048 2000 23150825 67707397
1124 2000 4004401 47302283
1997 1354 12086693 49049940
1056 290 21403939 84972164
1367 2000 59182674 60443875
1025 1143 9479475 66928675
1 1018 565719 2377131
1967 1294 23840743 33159880
1836 976 26657323 45009982
1 1427 16235108 71504327
1117 2000 23175898 25259642
1467 270 337072 75683985
1 269 23993796 84858373
1027 1217 9887007 84131738
1402 102 15257769 86223968
1 1462 28875279 54716877
1 690 2640487 22385907
1823 1077 28469674 35359107
991 2000 2313172 73907390
1 1290 26149663 53117698
1 1388 26980401 62021373
1 330 5871641 52196513
927 407 41620157 53502008
1224 779 42959954 65121457
796 662 24578931 42184409
1108 1051 35212793 37664558
880 731 16638060 37804610
501 1478 41204626 86168723
546 804 945474 35137668
1 1390 61407082 80546952
1 1048 10958114 28045688
1112 1028 56841953 85726312
893 2000 3543658 80978335
1 681 44410785 78953367
944 2000 51655095 60256563
634 1348 9239961 78453125
1883 152 54412671 84110440
1461 914 54150763 66739030
881 965 52613462 61169409
1 1155 53338093 65052039
411 2000 16259004 26590687
1299 765 61367286 81254123
664 1085 8789136 76921267
1954 893 7247228 47474403
1837 1114 1912108 27090806
1827 147 42771930 56050677
602 43 29338553 39387452
1991 445 2155806 77772262
687 2000 14070350 40382492
1871 86 35995169 64253987
1 67 33275820 57678344
1062 1077 61812532 63518620
1548 1475 4153275 14253594
852 853 14455890 85782709
1802 2000 21241164 33428708
194 2000 74783253 86212896
526 2000 26370324 68429694
891 756 58748697 84216597
1518 2000 21858587 47706714
1518 2000 3346089 86133740
1875 1316 21941705 78714533
855 1034 41762770 78849523
1310 248 9671337 59193521
1053 2000 10382623 54103824
1355 936 33845459 69414405
1381 2000 31407738 80112831
1239 2000 8173250 75112032
406 2000 21092126 51177007
1248 272 2035357 44118914
1105 991 40061107 67229516
1088 2000 277364 1800710
280 2000 3217354 35750277
1 1343 49618160 76449794
1969 2000 41809553 57671907
1 94 9780634 85715755
1 1230 16712812 22270274
882 1105 5552159 25085941
1 1127 5330842 32737945
1 32 12519624 82051132
1485 1080 2122733 36102765
1 1029 23179707 62575556
1917 1327 11006258 51407417
1329 98 67931821 69561415
408 2000 44575607 59612245
1945 2000 14366273 34245687
914 457 25416686 52878707
1756 1278 27818687 61919914
772 1019 29129011 33040674
1 923 6901272 36011119
509 2000 3456171 8777518
763 2000 36715067 43545059
1219 786 4731749 38726834
1600 2000 41442346 82840945
1069 2000 20084815 71738653
1428 2000 25065153 80180112
1417 2000 68084763 80550538
1 1249 6047246 37701898
312 2000 6298667 56326830
1441 59 19435080 20057147
728 429 33578644 51709410
1 568 11135272 81670969
720 946 41506885 70099351
725 2000 36269997 60546083
1 878 8386137 72778530
1064 1017 48391817 50130217
1226 994 21248708 36071095
661 680 43316435 55102117
1 716 7153793 13217466
744 265 15128353 43592525
1903 1364 30211288 42773728
1 1334 26999124 66009795
910 2000 14352728 84642778
1016 288 64368004 73468659
1469 1419 31509992 74405604
679 1066 29999971 45048380
1738 2000 8515758 9474795
1075 424 5534177 71135413
1143 1298 61305580 64593313
1345 24 59193940 75472908
1 191 26815585 86033014
1708 2000 38931085 49407708
1513 520 368210 3339675
82 2000 26061510 62784187
228 2000 56714996 57322016
1199 372 10605299 15795559
681 134 1323587 26307508
1 539 48317072 63322827
1957 2000 41627178 82807606
1122 194 5668534 32847241
4 2000 20429031 38198152
1846 316 34435643 67859027
816 687 29393736 47844477
1677 1057 57567271 80835191
1 1212 23603356 76647059
1943 1065 691520 33722652
1356 883 26465312 34786246
1891 109 22842327 70827196
1581 214 66057077 82735427
315 2000 5136159 37982833
1 894 16046894 48004276
1 181 35609942 36514862
1214 2000 72658404 85020770
1925 24 12859917 15066396
706 619 439970 71865150
736 851 49919692 76010394
1
65303355
