10 500
5 10 10 99
10 1 24 33
7 3 55 69
2 10 8 75
2 4 36 37
8 10 52 53
6 2 63 70
6 10 9 17
9 8 21 85
3 8 50 54
5 10 62 71
9 4 44 52
9 10 7 9
8 9 42 80
5 8 28 57
6 4 62 98
8 4 20 71
6 8 17 90
7 4 19 89
9 8 12 95
8 10 31 70
10 8 68 76
4 7 11 16
1 2 7 19
7 8 83 86
10 4 40 77
5 7 32 35
8 3 22 97
2 1 39 96
5 10 18 80
6 7 44 75
8 10 64 96
2 1 4 99
4 5 15 83
8 2 49 74
8 9 75 84
10 2 18 29
8 10 18 91
7 2 16 57
7 4 50 83
3 7 28 47
6 8 21 73
5 10 23 90
9 2 20 30
5 4 1 16
7 5 41 56
6 7 43 82
8 6 29 76
2 3 61 64
5 7 62 63
4 1 18 61
7 1 2 49
5 10 44 45
10 3 77 82
1 9 53 57
5 1 62 64
9 3 35 49
7 10 4 82
6 5 20 82
9 5 82 86
10 8 4 21
1 6 11 26
2 3 80 83
10 2 46 49
2 6 2 51
9 4 12 93
9 10 55 56
2 7 26 68
5 1 83 93
7 10 7 35
7 5 43 72
4 10 12 33
8 10 40 93
4 3 32 61
4 10 21 53
8 6 22 59
10 1 60 72
1 8 5 16
7 1 75 86
10 7 16 70
3 2 9 63
5 1 30 47
3 10 7 69
2 8 54 87
5 10 20 40
5 6 17 96
8 1 16 45
2 4 40 41
3 4 5 56
8 10 21 29
7 6 71 85
3 6 15 58
1 2 21 27
8 9 5 92
10 7 58 62
10 1 37 66
8 1 53 81
3 5 65 85
1 3 58 62
1 5 14 49
7 5 72 84
5 6 17 45
10 1 3 52
1 3 66 84
7 2 80 88
8 2 24 30
4 8 11 63
6 7 30 36
1 5 20 47
10 1 21 41
6 8 27 69
5 6 72 96
9 6 18 32
7 8 18 93
10 3 27 95
3 7 72 97
3 5 2 32
10 6 37 96
7 3 2 40
1 2 68 97
2 3 22 90
7 10 4 9
8 5 79 98
6 8 40 88
6 7 17 55
8 1 32 70
5 2 48 69
6 2 37 59
10 7 51 58
5 7 22 23
1 2 2 24
4 10 6 11
9 3 23 29
3 1 36 90
3 4 53 63
9 4 45 48
3 10 20 91
6 10 16 79
6 7 51 56
10 4 20 85
3 1 17 64
10 1 42 50
3 1 35 44
9 5 17 95
5 4 52 59
9 1 43 69
3 2 16 30
10 6 12 67
9 4 38 52
1 9 44 53
1 2 49 93
1 5 6 18
7 6 10 11
4 3 17 35
2 7 86 91
6 10 7 35
7 2 3 27
10 4 26 54
1 3 7 15
8 10 15 55
6 10 6 11
7 2 33 43
7 8 59 89
1 6 24 79
2 3 90 93
7 8 14 86
1 5 51 67
5 8 2 73
10 6 29 43
3 4 9 33
4 2 88 96
10 2 41 85
9 3 9 80
9 1 34 47
9 2 44 86
5 7 21 86
8 10 4 83
4 8 6 89
3 6 19 85
9 10 79 85
6 8 17 32
10 3 60 97
1 6 34 87
2 1 16 84
5 4 47 78
8 6 27 56
1 8 22 28
1 4 26 46
5 2 55 58
3 4 68 98
7 6 21 65
2 3 0 32
5 1 5 90
10 7 47 56
6 2 43 65
2 3 41 89
4 2 11 80
7 10 85 90
7 1 28 73
1 4 21 50
5 4 48 72
1 2 18 35
4 3 18 37
10 2 23 63
10 7 8 55
6 2 29 83
1 4 2 39
2 10 62 83
4 10 8 29
4 1 56 82
8 10 17 56
7 8 60 75
1 7 5 55
8 2 25 63
7 4 74 82
7 10 73 92
5 4 1 77
1 8 61 95
7 5 47 71
8 9 13 53
7 6 3 56
8 2 1 9
5 1 5 47
9 10 45 86
4 6 88 95
3 5 53 79
7 4 27 56
6 4 39 40
9 4 22 95
10 7 12 37
4 5 52 93
2 3 27 30
8 3 24 64
5 4 54 75
6 1 80 92
4 1 14 63
8 2 46 68
1 3 26 74
10 1 0 4
2 6 36 72
6 10 27 60
5 2 0 18
6 10 37 74
2 3 39 40
8 4 12 70
2 1 18 47
5 10 28 44
7 4 73 75
7 2 60 88
8 1 18 98
5 6 78 87
2 7 57 83
4 2 41 60
7 8 81 83
4 3 50 63
1 8 63 85
7 8 63 79
6 10 61 89
6 3 2 3
9 8 59 82
3 10 79 87
1 9 54 99
5 2 9 91
4 2 24 81
7 3 70 95
3 4 32 59
2 10 3 42
3 4 33 41
6 7 5 67
10 4 20 78
5 7 53 76
7 10 43 54
1 2 1 69
9 10 54 92
10 6 44 63
10 1 51 69
1 7 50 60
4 3 29 50
3 4 4 59
10 4 22 35
2 6 43 77
7 8 70 87
10 2 15 71
5 6 47 93
6 8 43 80
1 3 95 96
8 6 2 58
10 6 26 46
5 10 12 97
6 7 10 80
5 10 11 62
2 3 57 59
4 5 67 80
1 3 36 73
2 3 30 33
6 10 50 73
3 1 5 55
5 3 30 57
7 8 15 78
8 4 5 80
8 5 12 87
10 5 26 70
6 10 35 98
2 3 9 69
4 1 11 33
9 10 32 92
7 5 29 63
7 10 1 71
3 8 25 28
7 4 60 65
2 3 39 49
8 9 38 94
4 3 16 19
6 5 44 89
7 10 1 22
10 7 2 63
5 1 71 96
6 10 22 27
8 7 75 89
8 5 65 79
4 5 10 15
1 9 9 82
1 3 15 95
9 3 55 83
7 10 4 12
3 4 17 78
4 6 30 60
8 10 10 67
6 10 49 80
9 10 1 32
10 4 0 91
5 4 2 21
8 10 5 58
8 9 66 76
3 7 3 64
4 5 2 69
2 10 12 21
4 10 18 92
5 10 19 27
7 10 82 83
4 10 23 47
8 6 86 94
4 7 27 65
1 6 0 78
6 4 35 98
2 6 3 20
10 8 51 54
1 2 5 61
9 3 70 98
10 4 26 42
3 4 18 27
6 10 39 77
4 8 27 69
8 6 41 62
6 10 2 23
4 5 19 35
8 5 36 81
8 7 43 79
1 3 21 38
6 3 42 80
2 7 80 89
1 7 18 53
4 10 50 96
1 2 45 48
2 3 1 5
2 10 49 68
7 6 56 69
8 3 63 85
8 6 46 77
2 10 2 92
1 8 11 55
1 4 31 52
10 8 87 97
9 10 9 42
10 8 79 87
3 4 38 83
6 5 23 28
6 10 29 43
6 7 12 88
9 5 1 72
2 4 43 73
10 1 26 36
9 8 86 97
5 3 37 96
5 8 92 98
10 1 16 38
10 1 38 73
4 6 26 95
5 4 90 91
1 2 27 60
2 10 1 48
7 1 54 91
2 10 37 49
8 6 22 83
10 8 47 80
7 1 30 45
3 8 16 55
6 4 20 45
5 10 32 76
1 2 12 81
4 3 17 93
4 2 5 70
5 2 30 73
6 4 44 49
4 6 31 91
6 7 75 89
9 2 46 94
1 8 1 37
4 5 25 33
10 1 5 44
10 1 58 98
3 10 8 56
1 6 23 28
5 3 27 85
5 2 28 94
8 6 7 45
1 7 46 48
10 7 2 69
10 3 15 55
1 7 6 79
6 7 78 93
7 10 17 54
7 5 10 70
7 6 38 55
1 2 3 46
10 2 13 20
9 5 11 31
5 10 18 60
2 7 65 92
1 2 13 54
7 10 59 94
8 5 71 83
1 9 6 61
7 1 12 55
5 3 35 61
6 7 56 83
2 7 3 29
10 2 30 55
3 10 18 98
5 6 58 79
7 10 49 90
9 1 31 48
1 7 45 89
3 4 1 5
5 8 30 62
9 10 5 22
8 3 13 79
6 8 17 73
9 6 27 64
8 9 18 65
10 8 74 86
2 8 8 58
1 2 28 37
8 6 3 23
4 8 79 90
3 1 59 62
3 2 19 54
6 10 48 71
2 10 36 51
6 10 64 73
10 8 87 95
8 10 55 97
3 7 52 86
4 5 5 36
5 6 89 95
1 5 2 95
7 10 85 88
1 2 35 46
2 7 66 78
4 10 72 84
3 8 78 86
6 10 3 91
1 2 51 97
3 6 52 65
1 9 17 67
2 10 22 37
3 4 10 95
2 8 77 79
1 2 65 91
8 10 37 60
3 5 33 87
3 5 2 49
7 10 33 40
3 4 33 61
3 4 64 82
2 8 16 41
10 3 73 88
2 6 58 88
7 6 27 90
1 2 30 99
1 2 35 81
7 4 29 86
5 3 13 16
5 6 81 96
9 6 1 22
8 10 24 44
8 10 55 90
1 4 56 61
1 4 23 97
1 2 49 98
100
67
53
27
95
14
90
81
16
3
28
85
35
30
52
79
37
17
71
21
81
96
55
45
93
2
43
54
23
9
7
17
80
96
71
40
50
48
91
29
99
13
7
99
33
62
44
57
71
23
2
81
16
17
23
58
9
28
51
27
85
49
49
5
8
62
34
30
88
2
19
0
92
62
66
62
59
22
52
50
36
55
86
18
57
6
77
85
52
1
25
45
97
9
99
94
38
1
76
45
93
