20 500
6 13 10 23
18 1 1 26
1 2 6 44
7 13 32 40
20 18 43 47
20 1 22 42
17 12 7 22
4 6 21 29
6 12 2 8
15 6 17 39
20 8 21 40
14 17 39 42
16 4 15 37
16 20 0 2
9 10 5 44
14 15 6 44
18 12 6 18
12 8 14 46
19 3 25 37
14 13 11 25
9 10 7 31
11 18 2 7
19 18 15 41
12 10 4 35
18 12 29 37
13 18 12 18
8 20 13 27
15 4 39 42
16 7 2 41
10 1 4 17
2 9 5 18
4 12 31 47
6 16 15 23
18 11 17 26
8 1 5 38
11 20 7 33
17 6 37 45
16 14 30 41
14 20 5 33
8 20 8 19
15 10 6 31
8 17 25 49
12 17 25 47
9 11 14 37
17 13 23 25
20 11 2 24
15 13 29 41
5 20 34 37
3 13 13 28
12 7 28 40
13 6 15 38
14 17 41 48
14 15 6 21
13 11 11 33
2 10 10 14
16 7 8 34
7 9 31 33
4 11 7 8
4 6 23 24
7 8 22 43
11 16 3 16
9 20 13 24
20 1 11 34
2 12 12 38
17 5 8 46
2 5 31 38
14 4 14 37
3 4 30 33
14 12 9 35
17 20 25 47
20 8 3 27
5 13 2 32
20 13 40 41
7 8 5 23
15 5 4 22
4 18 8 12
1 13 3 10
16 8 30 39
12 6 35 39
16 18 8 41
14 9 1 42
14 7 22 29
1 10 12 13
6 20 24 38
4 14 5 34
1 19 3 22
7 12 23 42
12 20 11 21
14 10 3 49
19 2 37 45
20 14 14 16
9 15 25 44
8 18 36 43
16 3 22 36
4 8 42 48
14 13 23 41
9 1 6 11
17 20 15 38
7 1 10 25
18 7 19 36
15 18 8 28
14 20 0 35
18 17 26 37
8 5 16 35
15 2 47 48
15 18 26 43
2 9 30 31
18 5 10 30
15 12 10 43
9 14 31 46
9 12 11 45
12 15 5 43
12 10 17 18
9 13 43 45
17 18 10 18
7 11 2 10
4 5 35 46
20 16 37 41
16 6 13 39
14 12 18 25
14 9 20 47
20 4 11 21
8 9 3 16
12 5 23 43
13 7 16 17
3 1 44 46
16 5 15 18
2 17 14 42
17 20 8 9
1 15 23 44
13 6 10 13
2 15 0 7
19 9 3 13
8 17 6 46
5 16 2 31
7 8 15 30
19 15 9 31
8 20 19 26
18 14 23 24
19 9 14 17
11 16 18 41
3 20 5 40
18 8 27 28
14 13 10 22
8 5 7 44
5 10 27 28
9 14 27 41
5 6 37 38
2 15 0 40
8 13 17 29
3 14 3 5
19 12 40 44
13 4 3 4
7 8 35 41
20 16 12 22
5 20 13 31
3 5 30 41
15 18 12 26
17 3 6 43
4 8 16 19
17 16 36 41
19 17 4 29
12 17 12 43
14 5 9 15
12 4 21 31
16 11 7 42
16 11 27 35
12 17 43 45
12 14 1 41
17 7 20 27
16 1 38 44
2 8 17 46
2 11 8 22
10 14 13 41
18 1 22 27
12 7 25 32
7 14 3 13
18 7 15 34
2 14 3 38
5 6 22 47
8 5 20 21
4 9 18 30
2 6 4 17
11 8 44 47
5 6 35 37
6 14 24 40
11 20 20 48
11 12 10 35
10 4 18 41
16 17 5 43
16 17 27 32
5 14 7 8
15 7 30 38
6 4 9 28
8 3 34 46
18 17 3 14
2 12 5 35
16 3 1 23
15 4 24 35
7 11 15 45
6 2 15 40
12 1 5 10
16 20 16 41
1 2 14 39
19 9 6 25
20 7 31 36
15 18 9 15
2 20 28 32
13 14 19 46
9 16 3 45
15 3 2 24
8 14 16 42
19 8 6 42
10 3 24 32
10 5 19 37
19 3 11 43
1 13 10 17
18 20 15 40
19 2 20 38
14 15 14 24
14 17 12 24
19 18 22 29
17 1 2 28
13 2 6 44
17 18 10 39
3 20 48 49
5 11 17 34
14 20 37 39
17 11 11 41
5 3 1 33
19 20 3 41
5 12 16 28
11 14 17 38
13 11 2 33
15 17 33 38
9 5 8 39
11 3 17 28
16 4 19 28
5 17 9 39
19 17 17 28
11 15 6 41
9 3 18 27
18 14 11 31
15 13 1 40
9 20 32 35
15 20 40 45
14 15 4 42
15 12 13 30
20 15 26 43
19 10 11 30
6 11 19 20
1 2 43 46
7 10 16 23
12 20 26 35
6 14 36 45
11 18 24 47
4 10 41 42
6 9 6 40
1 14 7 42
20 1 31 46
18 17 17 29
17 4 5 21
14 20 13 18
8 18 9 41
6 10 20 44
19 9 28 45
3 9 26 43
8 9 5 16
2 17 30 46
7 11 8 38
6 4 18 26
19 11 0 11
3 16 6 18
18 13 23 38
1 11 3 46
14 13 19 20
13 8 11 38
11 12 29 40
19 8 4 29
15 1 22 44
1 13 39 46
19 16 20 25
13 8 11 17
1 2 7 37
14 13 16 38
13 10 9 27
14 18 5 30
7 20 1 27
2 7 14 47
11 13 1 33
6 11 27 43
20 8 10 36
18 14 12 26
1 2 12 18
18 12 10 12
2 12 7 26
4 8 29 37
8 4 16 27
14 9 6 25
11 16 12 19
12 10 3 33
6 9 20 27
5 18 3 12
20 7 1 31
10 11 6 40
8 20 9 43
20 7 14 15
2 5 1 49
18 14 23 48
20 18 34 46
13 6 18 42
18 16 15 39
10 11 15 47
6 12 1 2
1 2 0 30
13 10 5 48
7 17 10 14
12 9 8 23
13 20 34 45
11 4 3 8
1 11 6 8
2 10 13 44
2 15 5 11
19 7 12 24
16 2 21 31
19 9 5 6
5 16 20 40
4 11 6 21
15 17 5 28
16 18 11 24
11 17 37 40
6 15 22 23
2 15 10 32
1 11 5 47
15 13 34 39
18 12 16 33
19 15 21 27
1 11 32 48
16 7 32 36
12 1 7 37
1 6 20 34
18 6 14 20
14 2 4 10
7 20 0 27
14 20 28 36
10 16 8 25
13 8 45 46
6 7 9 20
1 10 11 19
4 20 2 48
1 13 27 32
16 3 6 45
11 15 7 23
10 11 10 37
18 1 2 10
19 2 32 38
10 4 0 18
1 15 3 27
4 20 38 45
8 2 13 20
6 2 5 32
18 14 20 28
3 4 41 42
17 12 13 39
14 16 14 17
13 8 8 21
19 12 19 47
5 9 6 33
1 8 9 42
1 12 12 33
4 6 0 42
1 19 24 39
3 11 13 41
8 20 17 29
12 6 14 22
16 17 13 34
8 6 25 31
12 14 9 46
8 14 29 41
1 17 4 35
5 16 3 40
20 1 42 46
5 14 31 44
3 8 19 32
20 10 16 23
12 11 13 25
12 17 10 41
14 2 45 46
12 17 8 35
12 15 18 19
14 7 41 48
8 4 24 33
14 8 22 45
16 20 35 40
16 4 14 31
17 9 26 30
10 12 8 26
6 4 19 35
15 17 14 37
14 16 16 20
5 9 1 33
20 5 11 28
2 14 7 18
9 5 12 21
16 7 20 30
19 18 25 39
10 15 8 25
19 17 8 44
9 18 11 39
13 15 14 29
9 11 13 29
13 11 12 29
20 1 10 43
1 9 27 40
12 2 11 29
10 11 0 29
19 18 28 43
1 13 23 39
3 20 18 43
11 3 7 43
5 3 4 49
9 8 24 28
17 18 26 48
20 7 4 43
1 2 24 47
7 12 2 9
13 4 23 44
6 16 9 45
13 20 42 44
13 18 26 33
20 3 29 38
3 20 20 41
14 18 8 26
4 2 5 17
12 13 1 33
5 15 4 38
3 6 12 13
2 20 5 40
16 3 12 22
7 8 7 35
14 15 1 43
5 18 17 39
6 1 14 27
11 9 22 27
12 16 32 47
15 13 0 14
20 15 11 39
18 3 10 18
18 1 13 43
7 9 25 29
2 3 24 48
2 11 38 41
13 2 4 12
6 15 10 21
2 20 17 25
12 5 38 48
18 8 1 29
16 12 8 32
8 20 0 33
17 2 11 25
1 8 7 47
6 18 13 27
3 4 1 11
1 16 4 14
20 7 19 31
18 16 11 47
14 3 9 16
6 12 20 40
15 3 30 31
4 14 12 32
1 14 28 42
9 16 4 11
4 11 28 29
19 17 9 42
19 8 1 25
5 13 13 39
11 3 36 42
8 20 9 38
6 4 19 24
4 15 10 27
14 1 30 31
3 1 10 29
14 13 2 35
16 5 18 44
17 11 1 24
9 11 12 29
3 8 6 25
16 7 29 36
18 2 0 9
11 1 21 28
13 2 24 29
7 14 22 35
16 3 6 21
9 20 41 46
16 18 30 46
1 19 13 43
5 20 27 43
8 20 19 22
12 1 35 39
14 5 4 18
10000
32
31
23
6
36
20
48
11
34
48
19
9
10
34
13
23
49
10
10
17
17
40
24
42
4
16
22
21
5
2
0
42
42
21
40
36
10
0
27
42
21
22
8
1
8
48
31
26
21
31
41
27
26
23
4
41
13
30
21
35
40
2
7
33
7
29
17
24
40
15
49
10
32
42
34
10
28
37
37
45
45
43
43
26
17
6
19
4
3
27
23
48
25
47
22
8
21
34
43
26
5
37
28
18
10
27
44
11
26
30
30
44
44
17
5
26
36
35
12
1
38
6
33
8
42
27
19
9
25
25
37
31
11
24
43
22
3
20
3
21
0
19
20
16
25
32
31
44
45
42
36
2
12
3
44
1
38
25
46
5
30
15
36
36
2
13
41
27
47
32
14
40
1
28
44
47
19
0
2
18
28
43
18
4
40
4
31
29
39
13
35
33
6
17
9
10
12
6
19
8
39
1
20
36
38
36
46
33
44
21
30
49
5
16
12
9
38
18
41
8
7
9
1
10
47
13
11
29
14
4
27
7
16
33
18
43
23
25
0
1
14
43
6
24
47
32
34
17
31
38
47
26
23
47
15
22
29
36
24
40
18
34
31
15
10
14
25
19
6
2
19
26
37
23
9
21
3
16
36
33
28
11
18
36
42
26
23
36
3
44
44
17
44
2
19
24
22
38
16
14
1
6
30
0
10
6
39
14
6
30
2
25
8
21
18
49
21
48
16
4
19
13
45
41
3
24
28
22
1
31
37
49
31
32
11
1
28
37
26
42
15
0
17
24
13
7
42
29
24
44
0
40
46
5
48
24
42
46
2
1
35
40
41
16
12
4
6
30
7
17
16
31
37
0
35
19
38
46
28
3
14
45
47
25
40
21
6
4
34
4
33
26
48
25
6
41
32
48
11
30
38
4
20
35
15
37
3
0
5
45
40
31
20
28
29
41
9
42
15
1
26
12
17
2
33
6
2
39
46
2
3
8
34
13
36
21
16
44
31
45
32
29
49
19
27
21
37
32
0
46
13
42
11
4
45
9
37
22
31
45
25
30
16
42
48
5
47
19
27
27
48
15
44
26
24
14
42
11
45
16
36
48
40
22
48
46
34
34
4
14
49
28
5
39
26
37
6
13
43
23
11
42
17
44
44
46
4
3
42
23
17
35
29
6
2
35
12
17
35
25
7
36
14
36
6
25
33
3
12
29
11
16
42
39
34
6
17
23
39
15
43
28
24
43
34
27
19
30
30
3
4
40
1
28
11
28
26
34
46
36
27
37
39
23
2
35
44
48
45
40
47
24
13
17
46
34
10
8
35
24
20
0
10
27
28
44
45
31
11
10
24
41
22
23
11
26
19
6
26
25
23
16
22
28
24
20
26
40
30
6
31
21
31
2
26
23
42
2
20
4
21
48
2
34
48
20
49
16
38
8
32
7
18
13
12
8
32
3
11
19
21
49
16
49
7
30
22
16
42
28
39
4
28
8
10
49
25
47
9
21
20
11
3
45
46
14
10
47
13
14
2
32
27
7
25
26
40
27
18
12
24
28
46
5
43
42
18
49
47
39
8
23
26
29
6
27
19
46
17
26
35
42
15
15
11
40
34
21
28
3
12
1
45
24
30
19
35
13
20
22
12
16
9
34
4
17
33
24
20
38
40
42
12
36
7
0
43
42
26
22
25
19
14
5
37
20
25
4
37
8
4
11
31
39
5
40
7
31
14
46
40
11
33
46
6
34
27
40
44
18
18
32
29
47
11
1
32
5
23
25
21
20
3
3
43
15
5
39
43
19
1
7
27
10
20
22
10
38
26
18
2
20
28
42
13
38
38
36
35
1
43
38
34
47
30
32
33
19
37
45
14
5
2
1
24
38
25
6
44
35
32
32
18
41
17
44
4
21
48
9
48
2
20
12
25
10
27
30
13
27
45
35
14
8
1
7
12
27
41
42
16
17
11
3
25
12
18
30
15
22
14
47
30
4
11
44
21
35
37
17
17
41
36
15
25
5
0
11
45
8
7
5
6
6
47
41
24
0
37
44
48
13
42
6
25
28
26
18
19
11
17
44
6
31
33
9
20
41
46
46
20
32
19
25
0
33
48
48
4
45
0
18
31
3
22
42
17
35
3
45
49
27
40
4
14
46
2
30
17
41
15
32
8
20
26
39
3
32
0
15
6
11
15
37
20
19
36
26
12
11
17
35
46
42
5
16
33
39
13
49
36
14
20
25
27
23
16
45
13
26
36
34
31
16
8
12
25
13
45
13
35
7
41
33
31
38
21
16
17
37
11
42
46
7
38
41
5
8
18
3
13
1
3
42
20
28
26
31
34
1
18
8
15
47
44
30
37
38
21
26
16
16
33
37
34
45
20
46
27
49
31
43
15
29
39
36
19
1
13
8
1
9
12
37
25
2
29
49
47
17
26
36
17
3
29
10
3
6
46
12
41
34
38
15
6
47
36
17
46
23
40
0
49
3
27
10
6
41
46
30
48
31
29
22
44
9
20
25
8
5
35
7
41
20
18
37
16
23
14
14
23
27
3
0
46
42
4
18
11
21
39
32
4
14
22
24
24
15
26
17
43
42
47
33
3
46
20
28
19
18
0
2
8
21
13
48
40
34
14
3
14
29
18
37
44
44
25
1
16
21
0
47
8
4
33
22
21
29
48
44
40
34
35
16
38
40
14
17
33
28
0
36
31
20
10
23
33
28
47
21
39
29
21
29
48
37
8
41
26
12
30
45
36
43
48
48
11
29
29
32
5
39
18
12
21
27
38
32
28
44
25
4
3
1
6
13
7
11
13
41
40
3
9
44
38
37
23
22
18
47
10
12
26
20
43
4
45
7
31
38
6
1
0
41
47
22
19
43
12
4
41
49
9
42
37
18
40
13
33
8
47
33
36
5
45
37
41
44
15
25
19
26
4
26
10
8
8
14
34
15
46
45
43
6
31
4
43
31
40
17
37
9
26
43
3
29
12
1
25
40
49
22
45
15
48
43
24
6
18
20
41
11
25
38
49
34
15
32
26
8
2
35
10
18
5
28
2
47
23
33
29
16
21
11
17
8
44
35
26
32
28
20
40
18
7
26
8
17
38
42
15
13
41
27
36
28
25
36
19
18
21
45
32
44
21
3
43
49
12
31
34
43
1
45
43
23
28
4
26
0
41
18
11
28
34
38
27
23
36
8
2
43
49
7
48
43
20
41
37
28
32
37
31
44
44
16
2
36
48
45
36
7
15
40
15
34
25
10
35
1
25
41
14
17
28
11
3
1
13
5
26
30
3
37
17
45
20
46
27
20
22
22
30
6
46
40
23
25
1
19
6
25
21
43
1
14
17
28
43
35
20
1
43
29
2
28
43
38
48
0
1
44
22
13
22
4
21
3
0
22
27
41
22
37
29
30
9
43
19
22
39
38
29
0
42
9
33
38
19
42
44
42
48
0
12
37
46
46
48
11
45
3
43
32
10
26
36
49
2
30
26
25
12
22
46
23
19
29
8
34
18
34
16
46
34
35
47
41
29
42
16
19
2
10
32
21
1
1
43
12
8
9
46
12
25
8
12
5
27
25
9
33
15
11
10
43
17
25
39
26
45
4
2
14
13
47
7
6
8
44
2
33
24
33
40
30
6
34
11
25
21
31
11
12
47
30
10
40
0
34
21
1
45
6
19
24
17
13
14
10
34
41
34
12
3
22
27
1
26
0
21
7
41
46
11
31
34
26
42
14
11
34
28
24
18
42
33
40
33
18
28
18
3
20
32
5
30
46
34
12
43
2
16
40
49
5
15
44
31
44
48
36
33
16
25
6
2
35
34
35
38
21
48
0
11
36
35
32
25
30
40
38
0
19
45
11
10
36
17
12
27
25
17
13
7
33
19
31
35
47
11
4
21
39
35
41
27
30
13
43
46
42
2
39
46
47
38
14
0
46
17
23
21
35
18
18
7
47
23
7
24
1
47
37
24
49
28
2
5
17
20
31
41
36
38
5
33
28
34
30
36
40
10
29
47
14
25
4
33
7
13
24
47
27
3
20
45
21
33
28
24
48
8
40
10
12
14
1
6
13
47
32
45
48
22
43
47
28
29
25
22
18
28
27
42
45
12
22
28
14
2
29
38
11
17
19
14
20
26
44
9
9
13
40
36
39
32
32
22
45
43
12
35
24
5
27
5
37
43
41
17
14
43
30
29
34
33
9
28
8
18
27
43
18
4
38
28
48
45
35
14
9
48
48
48
44
38
38
9
5
23
2
34
31
43
32
7
24
33
29
38
24
19
13
11
43
7
25
24
11
32
12
23
36
1
2
5
47
7
32
46
43
22
5
37
38
24
20
4
2
32
20
43
38
31
42
16
25
11
34
16
9
17
42
16
35
1
20
24
14
43
20
42
29
40
34
44
23
17
48
48
12
32
15
23
30
40
28
5
42
6
38
7
8
17
35
8
36
13
18
9
47
47
19
22
38
27
8
17
22
43
0
25
32
28
34
24
36
33
38
34
29
2
21
29
12
16
18
48
25
37
28
37
31
43
40
23
3
2
30
9
22
16
13
20
46
23
22
46
33
6
16
14
7
4
47
31
30
38
6
43
14
6
43
35
40
5
6
26
4
3
28
44
10
41
0
27
4
20
16
2
46
14
30
37
18
5
20
24
36
45
3
35
22
22
28
31
20
46
5
18
39
24
30
20
43
42
36
12
22
28
34
17
13
35
7
9
15
5
45
32
13
36
15
49
19
29
29
19
6
2
38
35
31
43
27
23
24
24
6
2
23
30
36
1
45
5
22
44
43
29
17
2
9
46
12
23
34
18
38
49
48
3
30
36
3
49
16
35
27
8
41
44
31
41
3
1
45
46
37
1
17
30
31
1
44
40
45
37
13
2
15
10
49
21
45
0
32
48
12
44
40
37
47
41
44
49
46
22
31
23
47
38
44
25
5
26
27
35
26
47
21
13
48
1
29
41
14
26
45
34
23
1
3
30
36
35
37
11
11
41
29
48
2
43
5
41
18
5
8
11
22
33
37
40
44
29
1
29
30
48
40
49
18
46
11
3
0
33
21
30
37
9
9
49
3
35
6
31
37
19
23
29
45
21
46
0
41
3
30
32
40
34
1
10
23
26
43
48
43
31
31
42
49
6
7
13
9
45
45
37
8
5
28
37
0
31
35
3
12
35
45
47
1
38
19
40
33
16
18
8
27
9
43
8
30
48
3
35
14
7
12
33
12
45
40
4
17
6
26
46
27
33
35
24
27
10
31
45
24
44
42
26
27
45
29
46
9
43
23
22
29
16
32
13
13
45
41
7
9
32
19
48
9
4
1
30
27
45
10
15
39
29
46
10
13
31
37
20
18
48
19
49
28
43
38
41
29
18
45
49
15
36
49
12
0
14
42
45
39
12
48
49
6
7
21
32
31
29
30
44
16
7
41
21
42
23
20
18
25
46
16
7
5
0
28
2
24
47
7
24
34
24
24
9
18
31
5
0
29
27
39
40
3
11
35
30
11
6
41
33
43
43
30
28
34
35
40
47
8
7
40
46
20
25
8
33
26
19
45
9
9
40
32
35
1
5
24
3
13
18
29
27
18
46
0
6
43
0
39
45
38
38
18
23
2
44
39
20
49
30
49
39
17
29
49
3
29
33
24
4
3
19
13
14
27
29
23
40
14
13
20
32
22
19
15
9
41
31
29
39
19
19
7
4
42
8
46
3
3
35
11
15
22
19
28
29
29
16
26
37
37
37
13
6
15
18
29
45
43
13
32
33
43
0
4
9
24
41
34
32
49
10
33
39
46
18
3
22
0
1
48
2
23
6
49
15
3
10
37
5
49
31
6
32
36
27
10
41
0
25
42
42
17
18
17
37
37
3
3
15
38
26
26
1
39
29
45
34
38
28
40
40
9
22
29
24
7
40
49
6
49
3
9
22
24
35
15
37
42
23
43
6
7
10
16
40
42
44
19
5
27
18
24
11
33
49
37
23
23
31
5
31
23
37
20
22
33
19
2
18
12
47
46
43
13
15
45
12
9
42
44
46
26
23
7
16
27
36
8
32
48
42
21
39
21
8
16
30
30
1
35
38
14
5
13
41
49
25
28
9
5
7
19
31
28
37
23
7
46
19
41
32
1
30
16
28
33
9
37
19
8
32
47
13
45
12
1
8
7
34
10
48
22
11
10
27
15
47
18
18
7
1
29
27
3
21
5
32
21
33
23
25
10
37
18
1
28
15
41
47
21
43
40
41
19
14
14
1
14
39
5
7
10
17
4
35
8
42
19
2
12
4
49
5
44
43
33
25
34
24
17
30
15
36
45
16
36
43
9
33
36
5
5
38
10
24
46
14
29
33
39
47
2
40
2
25
31
43
37
44
31
20
32
12
40
48
43
39
34
17
27
11
11
47
12
49
5
36
39
15
38
14
28
6
49
46
9
20
48
32
9
10
34
40
20
12
21
36
17
45
35
11
23
4
49
18
17
49
5
30
2
38
5
15
20
19
11
26
14
26
17
40
1
15
20
5
44
0
45
25
29
39
24
3
0
8
10
9
20
8
44
37
49
20
48
0
44
45
43
27
45
23
3
39
3
48
14
9
10
7
14
17
9
45
9
38
1
1
45
43
43
49
7
48
40
5
29
6
5
48
9
3
38
37
38
11
45
47
28
17
44
40
4
3
4
48
40
18
25
2
27
0
2
41
20
27
16
41
37
48
38
47
42
34
6
36
20
6
27
46
6
31
0
16
35
17
25
28
17
40
39
7
9
25
23
3
27
39
32
48
15
40
15
41
45
20
46
22
24
3
18
39
42
27
11
32
27
20
13
11
24
14
5
29
17
27
43
31
40
49
44
41
37
25
28
34
28
28
28
37
5
8
48
29
24
37
20
40
33
10
27
24
41
9
4
17
36
29
23
7
26
20
26
46
10
41
2
42
7
43
45
46
17
1
35
36
6
47
26
0
31
35
38
5
39
39
30
37
1
23
48
11
30
47
24
49
48
9
7
43
30
5
13
23
16
31
10
37
6
42
40
19
23
0
24
48
42
28
35
43
48
38
1
27
42
29
10
36
10
40
26
26
49
11
33
46
18
26
41
44
20
7
35
48
29
8
39
24
15
21
16
46
0
3
31
46
17
15
48
3
32
43
31
43
27
11
15
12
36
49
6
5
29
1
27
30
18
38
0
15
17
17
46
15
10
42
4
34
0
11
18
5
13
33
16
19
40
24
29
0
38
4
30
12
9
18
6
44
48
30
29
19
28
43
36
24
21
31
40
36
30
9
10
10
11
45
40
17
16
36
6
12
18
6
42
39
6
2
24
18
24
41
42
18
45
32
41
37
31
4
29
33
22
15
46
13
19
42
9
37
45
44
40
43
42
31
2
39
22
28
16
20
2
12
40
31
10
15
29
11
46
39
35
17
19
3
3
48
5
32
2
9
37
49
13
32
33
37
21
35
49
28
8
42
12
20
29
49
34
14
32
19
1
44
1
16
22
32
27
17
48
1
17
30
41
15
48
40
17
7
29
16
43
3
44
36
47
6
25
20
30
42
35
30
5
36
16
40
1
22
32
36
48
21
16
16
2
24
40
17
31
27
23
17
10
23
42
49
43
32
5
26
0
43
27
43
22
44
0
14
26
4
35
19
20
46
10
33
25
47
2
0
9
17
4
31
41
14
36
36
21
33
17
34
10
31
24
21
49
37
4
38
2
47
4
45
30
25
26
29
25
36
15
3
37
40
19
24
47
49
38
32
15
34
1
49
17
32
3
15
46
34
2
17
23
32
29
34
28
18
36
38
40
43
46
21
12
47
12
6
6
14
33
5
6
45
31
19
13
36
22
30
35
7
9
17
36
19
20
25
17
11
32
10
49
19
7
29
41
13
11
37
14
34
45
1
16
8
15
41
39
22
16
25
49
14
2
6
29
26
9
22
25
42
47
35
39
47
6
29
6
12
9
17
1
19
36
29
11
8
37
17
29
35
8
0
33
31
29
49
24
23
34
11
5
25
1
38
6
20
17
46
16
8
10
38
18
29
24
43
32
35
0
4
49
9
31
23
13
32
21
13
9
47
16
17
36
19
5
13
26
47
4
48
30
4
8
37
43
34
35
29
19
47
28
42
16
16
37
16
37
38
11
17
35
16
40
9
12
21
30
21
17
31
28
29
20
16
49
2
15
29
24
10
27
10
26
9
28
19
41
8
33
14
13
35
13
15
47
20
34
38
4
7
25
26
2
35
17
17
28
33
46
31
5
6
48
32
31
46
7
18
47
49
37
37
37
48
19
33
1
9
18
12
20
36
20
37
17
9
4
30
32
16
14
29
42
30
14
35
40
22
9
3
48
19
11
24
15
35
43
46
22
13
31
16
21
11
18
10
13
1
5
10
43
10
28
38
19
3
44
23
15
9
18
2
16
7
40
21
28
35
25
1
10
40
43
34
8
37
1
33
33
38
38
23
2
25
12
16
41
13
35
8
9
15
36
16
46
42
23
32
49
28
35
12
28
1
45
31
43
18
27
12
36
4
39
46
9
38
21
3
30
27
0
46
32
45
17
30
41
21
44
17
10
13
20
31
25
10
42
2
2
29
36
2
40
28
46
23
1
29
3
30
49
20
8
6
18
41
49
40
9
10
22
6
2
7
48
35
30
48
23
40
18
23
6
1
27
28
14
18
16
3
42
49
15
4
46
29
19
4
19
26
15
35
6
42
33
16
6
30
42
46
39
37
2
12
47
6
37
30
29
17
26
40
14
25
20
42
46
41
0
21
27
49
13
38
35
8
37
3
12
14
1
31
41
36
28
41
3
41
6
6
1
21
37
8
19
20
19
16
15
3
29
38
11
26
24
31
21
10
31
16
21
24
47
5
44
3
14
0
5
8
4
44
26
34
22
39
48
26
5
38
6
32
44
12
41
16
32
46
5
36
15
47
21
11
49
31
25
40
26
27
5
49
6
38
32
14
49
38
31
8
32
24
22
47
21
7
16
31
1
4
33
32
5
10
11
23
14
30
13
15
3
47
42
11
48
28
35
48
15
18
26
12
5
16
12
35
46
34
6
34
9
17
1
11
18
10
17
36
6
33
39
13
45
0
6
45
7
40
3
26
49
46
36
16
47
24
34
24
34
49
25
14
20
22
10
13
13
43
29
1
10
36
46
48
12
1
22
26
15
42
17
36
25
36
26
23
5
25
46
47
29
47
5
47
43
6
34
47
36
10
11
17
13
6
28
32
32
18
26
0
14
28
14
22
5
13
49
22
30
21
6
5
33
34
14
35
44
11
27
40
6
0
10
4
10
46
9
46
4
23
22
16
32
26
16
42
38
38
22
14
2
36
10
26
38
15
34
30
11
48
11
11
29
9
25
26
17
18
15
31
37
47
19
6
28
19
36
9
40
33
10
0
14
21
19
18
11
18
2
7
2
0
3
13
3
42
29
2
33
26
19
15
31
18
32
32
10
21
8
17
0
1
8
46
0
16
2
9
6
35
23
10
0
43
39
30
44
18
23
36
31
34
42
11
18
1
39
45
6
19
28
16
3
42
0
12
19
18
22
8
39
41
23
21
18
16
39
49
48
23
7
0
45
40
46
37
11
31
18
29
49
32
26
1
46
0
49
28
20
2
13
30
42
22
22
38
17
6
30
42
48
44
36
14
15
32
29
15
13
0
25
34
6
21
35
20
23
17
7
13
19
17
47
3
21
6
0
20
32
46
17
35
24
25
46
4
45
4
14
49
47
23
4
7
12
11
16
35
33
27
45
44
30
33
44
21
20
28
7
11
47
30
10
33
13
26
13
21
17
45
27
47
32
17
48
44
13
12
3
2
6
28
13
45
38
37
37
18
40
2
49
45
6
33
2
45
25
35
2
10
21
49
30
42
6
42
46
30
3
4
19
9
47
12
18
5
26
24
16
49
37
49
39
14
23
18
47
30
9
35
22
9
10
12
38
31
33
32
33
30
12
14
36
43
34
47
19
20
17
23
23
28
8
12
19
25
30
1
45
0
34
36
21
47
35
29
45
21
48
26
2
42
47
28
44
41
0
36
38
41
9
38
17
19
34
21
37
6
18
47
16
42
46
42
36
37
4
43
25
40
36
36
16
0
49
42
32
35
18
39
9
44
8
18
12
15
29
38
9
33
0
5
32
41
14
23
33
26
32
42
20
40
27
7
16
12
3
19
8
42
14
37
44
1
10
28
39
38
5
22
6
49
29
43
15
35
34
6
32
42
15
22
4
14
34
10
3
1
18
7
23
21
22
15
18
8
13
22
40
9
42
29
38
7
7
37
8
24
34
2
37
26
22
49
43
36
43
42
3
35
16
44
25
4
1
17
8
45
15
10
26
48
7
5
16
36
24
36
26
29
47
6
47
38
23
24
48
47
48
7
16
49
18
42
39
42
10
19
31
30
8
34
7
34
33
10
3
10
35
31
23
38
19
8
37
31
0
36
29
19
8
38
3
46
6
38
24
39
45
8
25
18
39
5
42
34
32
29
30
27
40
16
43
36
2
38
45
12
39
32
6
34
1
0
38
24
27
15
12
2
30
38
2
30
34
10
48
2
2
46
2
38
38
3
48
43
25
16
42
44
23
1
19
5
38
19
41
29
44
29
8
9
22
12
2
20
12
44
31
47
7
0
26
28
20
22
13
45
42
42
8
10
26
6
36
21
1
20
40
41
27
7
15
30
14
32
19
35
15
25
5
12
21
42
45
4
31
44
40
10
16
22
27
22
34
42
43
0
6
21
12
35
42
8
43
35
16
12
37
10
16
6
21
40
31
12
13
16
43
7
13
11
14
31
3
7
27
27
8
26
6
40
17
43
43
13
19
12
39
45
33
2
24
4
20
16
15
27
0
4
25
36
45
22
40
40
13
40
40
46
37
32
27
28
26
20
45
40
7
47
17
27
24
16
24
29
9
28
10
10
36
42
18
30
37
36
13
48
44
16
2
37
18
36
45
26
38
39
48
12
31
36
46
36
49
27
0
0
31
46
21
32
25
5
3
18
11
3
37
41
27
15
43
46
14
32
17
4
43
37
16
41
6
18
38
15
10
38
26
0
11
22
18
49
16
45
48
7
19
33
2
47
14
14
22
28
26
9
13
30
15
8
45
32
4
10
30
4
38
7
33
27
22
15
46
30
38
25
37
30
3
13
43
0
8
24
23
21
34
36
17
33
7
47
15
34
49
45
33
20
49
11
36
9
40
21
26
31
17
17
2
35
36
26
12
4
36
26
23
16
6
49
28
6
22
4
18
39
24
6
14
44
26
20
48
34
3
47
31
13
47
36
35
46
43
39
12
12
22
3
19
1
3
22
22
35
0
18
36
7
16
39
9
46
48
37
39
1
3
41
31
47
10
18
43
3
10
17
32
42
21
47
49
11
18
18
48
36
43
36
26
29
44
12
22
17
4
23
28
2
2
25
23
6
18
5
14
31
33
46
42
38
10
3
16
19
30
24
25
24
34
22
12
20
22
26
29
46
24
5
40
30
19
43
25
44
44
21
18
12
15
12
12
9
16
33
38
8
45
24
49
32
17
13
40
45
7
6
20
31
18
21
16
5
13
31
5
21
25
26
41
29
35
4
15
17
4
10
25
38
30
47
15
40
9
10
18
25
15
20
44
42
33
4
3
29
9
45
14
45
43
14
3
33
29
33
13
29
7
27
24
25
2
12
23
48
35
10
47
11
25
8
2
32
47
48
29
15
42
19
37
18
31
24
0
33
34
29
24
27
36
29
47
41
10
18
29
31
44
49
9
32
10
20
41
45
22
44
34
26
40
11
21
7
32
32
7
47
32
29
9
30
27
23
43
31
14
26
26
25
26
36
7
8
43
18
44
42
19
47
43
11
8
0
14
8
37
40
18
20
10
4
25
24
17
13
33
49
48
10
7
46
18
49
40
48
13
47
0
9
4
8
23
16
0
40
32
35
30
5
38
24
30
43
29
28
36
44
26
21
6
25
28
33
5
38
38
11
48
20
27
5
34
12
9
16
25
43
7
25
35
37
43
15
47
37
47
12
39
25
4
22
0
8
33
34
21
38
44
47
18
24
24
15
7
14
29
1
17
49
14
28
34
10
11
11
38
23
40
8
48
49
14
31
29
43
36
7
14
33
12
36
8
31
22
32
45
36
23
41
21
43
6
15
21
43
24
23
37
4
0
18
6
10
48
22
0
44
49
4
2
49
19
19
49
4
24
43
34
49
21
34
20
9
25
44
49
46
20
37
9
16
49
17
26
22
35
19
45
48
5
11
48
49
46
47
9
6
17
33
41
24
9
47
37
12
36
44
23
23
43
39
23
35
21
1
29
18
14
38
22
34
35
46
8
19
10
15
40
18
42
7
47
2
39
15
9
20
43
41
40
6
14
6
8
13
34
40
49
3
41
44
22
38
14
17
45
16
46
45
5
31
43
44
48
33
35
1
47
46
18
33
19
21
48
7
3
1
9
6
42
23
13
15
11
0
14
37
36
24
13
39
9
6
39
35
37
0
39
19
48
44
9
1
10
4
20
44
48
35
40
24
6
19
9
40
38
6
32
42
4
36
45
11
14
41
13
35
7
8
20
4
35
41
13
22
0
43
30
48
42
18
14
5
32
44
0
5
9
24
20
36
48
0
49
13
45
21
14
30
39
0
19
14
49
18
9
26
19
46
25
41
41
29
27
7
21
4
49
32
12
46
1
30
49
26
6
2
32
25
22
10
8
9
48
19
15
5
4
38
14
32
46
25
20
34
25
41
45
47
10
25
6
14
49
7
20
40
22
39
47
27
25
4
45
14
3
14
18
38
2
19
2
18
48
8
4
37
29
25
2
2
1
29
32
21
1
32
43
13
23
0
22
48
0
23
2
22
10
26
10
1
31
42
32
40
18
26
30
17
42
31
23
16
37
14
37
35
43
12
34
12
34
12
34
45
7
45
12
42
39
23
6
22
19
40
36
29
27
33
20
27
12
30
29
2
45
15
12
38
18
44
30
37
20
26
22
42
2
39
9
3
33
1
8
25
46
36
1
36
15
44
43
34
32
33
40
6
11
0
23
47
48
45
14
4
14
48
13
1
1
42
15
19
10
20
0
28
17
12
34
33
42
45
10
48
43
11
21
17
32
42
0
45
17
8
23
42
17
23
27
18
0
41
41
31
11
22
17
14
25
22
13
45
22
30
44
33
42
32
10
26
8
4
8
6
43
42
46
11
17
15
3
24
35
47
44
12
30
45
34
22
49
49
44
21
37
29
31
36
33
22
8
41
32
12
20
12
2
27
30
1
7
36
34
34
18
27
22
29
12
10
39
33
11
27
1
19
46
38
33
30
28
3
30
40
39
34
47
25
41
18
0
9
32
14
37
9
6
18
49
34
44
2
23
49
3
12
16
22
8
45
27
22
26
37
38
20
41
9
45
26
11
34
13
46
18
8
39
3
32
17
8
33
0
26
28
9
5
38
46
2
34
28
27
23
7
22
46
21
29
6
24
24
1
32
5
5
40
26
25
37
15
20
31
26
20
45
19
39
43
29
13
36
5
41
8
19
8
32
11
10
25
4
47
46
24
49
32
2
22
8
18
25
13
10
33
46
28
30
43
22
2
25
42
30
1
14
41
44
28
44
2
17
9
21
43
11
31
27
21
33
21
15
30
45
21
16
31
27
49
15
34
35
31
46
40
40
15
8
15
22
0
5
16
23
6
47
34
38
44
49
38
17
25
25
46
45
4
12
16
33
22
27
44
32
17
26
0
6
3
16
23
34
26
8
3
23
49
10
34
49
7
5
23
17
43
13
29
4
15
45
43
32
42
19
37
47
47
40
11
2
8
43
10
5
39
7
22
10
47
26
22
30
22
17
31
27
26
24
13
49
37
18
37
4
2
47
20
13
47
40
15
39
35
49
41
48
16
23
5
19
20
25
42
15
32
24
32
33
42
4
19
3
32
48
14
30
45
14
16
22
3
33
12
39
1
23
28
6
0
33
37
38
26
4
45
40
25
28
45
43
2
19
29
9
45
22
45
20
4
48
26
9
49
30
30
3
39
27
4
16
27
29
30
20
40
3
12
28
19
16
25
23
8
30
31
44
33
4
36
31
0
24
43
6
22
49
15
21
1
27
8
27
39
26
36
41
8
10
23
37
34
17
49
5
1
5
42
0
21
12
48
16
33
19
9
40
44
4
12
25
25
18
33
19
31
29
34
0
21
35
3
19
30
39
44
38
17
3
29
14
22
36
38
10
26
23
25
22
22
32
26
5
46
14
19
42
49
3
10
47
44
42
20
23
26
31
44
48
32
36
6
29
41
20
8
28
13
32
37
27
25
24
25
16
22
40
22
12
35
42
46
22
8
33
44
22
19
48
40
28
24
6
20
41
23
29
19
34
9
9
40
20
6
42
21
44
37
22
16
36
47
28
48
11
6
26
15
20
0
25
42
49
17
2
24
48
24
35
18
26
15
39
31
13
18
45
27
20
11
2
36
37
34
26
33
5
25
5
11
45
15
46
13
5
31
8
14
33
1
47
22
30
3
38
10
13
37
4
22
17
7
22
19
12
3
31
3
33
0
20
24
0
22
26
48
24
14
9
43
44
10
43
35
38
19
33
17
28
24
0
46
18
12
9
20
34
7
18
48
38
4
3
18
10
11
2
5
30
5
14
31
23
5
47
20
10
8
43
4
37
26
38
31
24
31
36
14
27
49
30
25
37
2
9
20
4
8
49
38
7
35
44
6
48
11
6
27
32
29
22
49
1
29
15
46
40
24
27
26
6
28
2
5
2
30
48
8
34
11
7
42
22
1
19
20
6
10
17
13
48
13
35
24
34
43
32
30
10
27
32
31
43
47
42
37
8
12
44
48
14
44
21
29
11
32
21
5
39
19
9
2
20
19
13
37
29
1
38
37
48
47
7
45
13
15
28
20
29
10
20
29
47
40
22
38
39
28
49
38
45
32
13
14
10
2
24
24
7
42
33
10
41
47
24
7
25
7
14
3
34
24
2
33
23
7
29
22
2
10
27
28
34
36
38
20
28
25
18
17
42
38
29
42
22
43
9
20
34
32
44
22
24
24
8
46
18
0
46
47
40
33
24
22
43
26
40
33
5
10
30
46
25
28
14
4
34
38
49
2
30
3
38
7
33
5
43
24
17
45
27
21
27
41
27
25
5
36
30
28
44
2
12
24
9
23
40
32
49
17
29
18
10
29
11
49
44
35
44
39
30
17
8
25
32
15
37
32
9
21
17
47
39
23
30
1
30
17
33
24
11
22
29
12
14
21
48
14
8
48
10
14
41
22
29
49
45
30
47
32
24
47
44
32
24
44
40
16
10
20
31
28
9
34
28
9
18
32
11
30
15
20
0
0
6
24
18
25
1
39
14
3
17
35
41
22
6
30
16
9
40
48
37
18
33
15
38
36
0
4
8
19
17
44
29
13
0
17
12
34
35
44
42
27
6
22
38
29
18
8
29
36
41
31
12
11
32
40
21
3
2
21
0
10
36
4
29
18
33
44
4
37
17
37
41
13
0
12
31
24
30
47
16
14
18
40
9
15
5
33
5
37
27
23
27
35
49
47
41
8
49
17
25
15
44
17
10
45
6
41
8
43
27
17
20
22
45
2
1
33
7
23
26
39
23
24
24
18
10
27
47
24
22
16
20
6
12
0
16
0
31
10
43
30
5
25
29
31
25
20
14
26
14
32
14
24
29
39
34
9
2
42
17
49
49
44
44
42
46
29
26
32
23
18
41
12
5
25
36
21
39
29
22
34
29
49
10
22
25
41
17
11
18
14
28
39
37
30
8
31
11
39
33
13
44
11
34
23
9
46
4
4
7
49
30
40
0
21
49
8
30
30
28
21
31
42
47
36
49
2
0
40
3
38
47
15
48
28
15
36
0
12
18
12
40
25
3
21
37
24
22
25
21
42
14
2
32
9
27
37
27
1
46
27
37
8
17
14
39
39
15
44
44
1
12
24
5
35
4
27
44
23
4
24
10
26
38
8
40
41
3
6
29
42
37
43
43
48
38
5
2
11
47
3
7
32
41
20
8
33
4
8
44
6
22
33
16
0
35
23
17
23
12
26
35
17
11
27
13
20
6
8
6
1
27
20
31
17
41
41
47
34
32
38
18
43
27
5
34
12
26
14
13
26
19
18
0
28
3
24
15
15
28
7
48
44
0
19
19
12
44
43
43
4
15
4
16
1
41
42
7
8
35
9
16
34
21
37
32
34
1
12
0
13
1
42
20
32
11
49
40
18
0
9
14
35
43
1
18
0
26
39
13
44
39
26
25
49
24
45
47
1
2
20
13
38
4
8
18
5
11
8
33
0
39
17
25
22
1
26
36
42
23
7
24
42
41
10
5
30
47
6
22
30
48
20
7
23
22
20
34
5
21
30
13
31
42
14
0
9
18
5
43
42
48
29
27
22
29
12
25
41
45
40
35
28
9
44
48
4
34
23
11
14
32
25
38
41
39
39
22
43
14
23
12
29
34
6
19
49
10
43
15
38
15
20
10
30
14
10
3
40
7
36
12
14
11
23
45
0
4
9
36
7
20
24
36
46
31
27
35
47
11
31
8
29
44
43
36
20
4
14
4
26
32
16
18
11
31
46
32
0
25
14
26
29
25
45
6
16
41
12
11
43
4
29
13
46
39
14
35
10
49
3
35
11
34
2
14
35
26
10
23
31
15
2
4
3
15
34
43
31
4
45
40
31
5
1
0
41
19
1
5
25
8
5
9
7
22
45
28
43
49
42
11
40
37
30
22
11
24
45
14
38
41
32
18
12
40
38
48
22
17
38
35
31
16
15
16
32
49
23
38
11
25
7
13
0
10
16
40
28
35
41
6
15
29
20
23
39
9
48
24
7
19
47
8
13
15
4
42
32
7
20
1
11
13
20
25
1
17
25
30
40
29
47
40
8
10
22
34
26
9
25
21
15
27
34
43
0
28
7
34
23
34
24
4
25
41
1
17
17
42
47
43
41
8
16
14
21
20
39
39
7
17
21
37
29
24
6
13
27
24
3
33
30
21
3
0
11
49
5
27
5
43
14
27
10
36
9
38
18
21
49
39
5
10
48
30
48
8
2
28
11
18
8
7
31
44
36
12
39
30
46
49
35
36
13
46
2
42
32
7
0
6
13
7
16
44
16
32
9
34
20
1
47
23
40
3
40
14
6
44
43
31
31
15
11
18
11
43
31
6
21
10
10
45
38
0
45
0
35
17
26
1
23
24
34
48
19
47
28
17
26
45
21
32
37
18
23
32
42
49
0
35
33
9
30
11
20
4
14
7
7
0
15
43
29
16
3
27
12
10
45
33
14
7
48
39
36
40
13
9
3
9
25
23
17
15
35
21
1
8
20
16
23
5
49
31
39
20
43
49
2
24
17
3
0
20
39
31
0
12
5
43
27
35
30
39
22
47
13
47
36
30
9
9
30
15
9
18
35
12
30
0
48
21
33
25
13
11
39
38
44
44
26
10
31
35
26
16
45
13
35
0
32
27
48
1
43
21
37
14
40
5
5
34
39
2
11
21
43
42
43
9
43
33
43
41
0
36
47
39
13
29
7
25
7
20
27
15
43
36
14
21
34
38
9
4
8
24
20
8
40
28
25
1
29
5
37
6
31
34
37
46
25
24
35
39
45
47
19
34
25
17
12
33
31
38
21
1
5
34
13
49
34
35
3
0
26
25
10
23
38
5
22
19
48
28
42
25
7
6
31
36
41
32
12
2
9
22
26
0
10
39
30
18
24
19
13
23
32
29
30
33
37
7
14
47
13
20
1
37
33
41
14
47
3
39
5
39
47
23
12
17
45
20
19
13
17
22
9
6
7
1
10
41
43
48
39
21
19
7
40
48
8
26
48
27
33
25
46
31
48
0
39
12
9
1
33
37
40
42
29
33
49
47
45
35
37
28
2
46
32
0
30
10
8
44
12
31
10
46
31
35
20
39
29
10
44
6
15
26
37
14
2
49
47
37
25
17
34
18
46
43
48
20
33
32
9
17
39
20
4
22
25
3
38
4
21
7
2
42
15
3
19
5
21
16
34
38
8
36
23
25
31
14
48
41
34
1
10
19
23
29
38
6
26
22
13
25
13
24
29
15
38
37
20
1
15
43
30
30
32
40
9
5
8
5
29
32
18
39
31
49
10
44
38
47
46
8
27
37
9
9
6
39
34
0
45
3
26
29
8
32
3
29
11
48
1
34
42
13
5
19
17
14
26
41
49
42
5
15
29
43
18
38
42
5
19
0
12
22
20
6
9
42
47
33
32
11
41
49
44
3
9
26
11
49
12
46
44
41
47
19
46
9
11
18
33
23
28
1
1
44
48
1
42
28
14
12
37
49
0
34
23
12
40
24
37
45
26
21
48
32
4
44
38
3
22
33
0
16
5
31
27
13
13
33
12
9
39
13
17
45
31
35
13
5
16
49
27
24
15
34
8
43
10
29
27
6
44
23
40
33
5
0
29
22
0
29
35
27
28
34
39
20
11
36
16
25
22
28
17
49
37
13
49
30
5
3
13
26
30
0
18
18
38
32
18
28
1
15
18
37
27
16
3
20
8
10
0
21
2
21
1
3
48
22
13
18
15
3
22
19
7
3
46
39
40
0
30
30
46
7
44
6
35
31
29
20
27
31
12
24
31
30
11
17
49
31
44
26
14
29
4
49
6
12
41
31
3
20
21
10
47
25
47
28
5
27
2
24
28
18
36
38
25
37
44
14
24
32
26
31
14
18
4
30
30
41
4
1
43
36
24
40
43
31
25
5
32
31
30
46
37
39
14
7
27
33
16
9
33
35
22
12
46
7
18
4
2
14
25
11
5
22
11
18
3
45
19
12
46
12
1
35
33
5
13
18
27
13
28
6
39
30
44
19
0
8
45
40
23
44
21
3
6
39
22
30
24
39
43
22
32
15
27
13
28
44
44
6
15
24
32
6
29
39
30
40
21
22
8
28
39
16
17
32
31
6
44
46
35
8
32
38
7
29
36
10
14
14
21
29
5
8
9
23
8
23
49
26
45
27
7
27
27
18
12
22
26
31
33
0
38
17
35
43
36
10
8
44
9
45
42
36
23
33
15
11
1
11
16
4
37
34
30
43
24
38
43
46
36
46
0
19
18
5
47
6
48
26
44
14
1
1
9
32
22
1
32
23
13
7
3
9
26
15
16
46
33
8
49
48
20
3
28
39
2
37
9
49
5
48
27
8
43
28
31
28
47
13
21
0
32
11
47
8
13
32
3
41
17
30
45
35
42
22
30
14
16
21
4
9
5
18
10
47
0
48
26
2
15
4
49
41
31
23
34
46
2
25
6
48
27
15
9
14
21
18
41
17
45
47
17
24
2
47
32
40
19
9
29
16
30
31
41
15
25
6
13
7
4
16
10
39
16
33
13
2
3
39
8
44
35
8
36
6
5
24
22
37
42
48
34
0
11
1
16
21
31
27
17
42
24
39
49
30
27
20
39
8
43
16
15
28
3
32
3
46
5
7
48
28
33
36
31
16
46
37
12
2
1
28
18
46
18
34
1
17
35
18
6
2
10
0
26
48
28
48
21
47
17
11
24
33
26
4
0
26
7
6
22
28
20
16
12
6
49
30
36
24
22
42
32
46
6
29
30
24
31
36
27
3
8
12
42
17
36
4
28
4
28
35
22
18
31
4
24
24
31
45
6
39
31
2
16
30
29
40
45
18
41
36
29
7
2
6
25
35
24
32
36
14
16
14
10
25
45
26
0
26
21
3
12
36
47
23
26
29
38
8
32
7
41
37
6
15
46
47
3
1
17
36
47
23
8
19
15
4
19
27
37
7
46
13
5
42
27
8
28
41
5
9
16
35
31
8
47
33
20
42
48
7
5
0
27
3
8
23
7
13
38
38
2
12
38
30
22
33
43
46
43
4
44
40
22
14
17
20
2
28
14
21
47
1
49
1
13
31
8
22
49
4
20
41
24
29
40
47
9
17
7
39
24
47
42
24
39
42
35
1
18
30
26
35
30
23
41
26
48
41
11
3
35
9
14
17
41
47
48
2
30
31
3
28
12
0
10
23
49
21
6
11
2
0
0
26
35
19
10
7
36
44
5
22
21
43
38
25
2
28
20
16
21
32
9
4
0
46
13
21
49
32
19
46
46
49
21
13
21
12
1
28
19
8
29
39
23
44
13
16
38
19
7
7
32
27
25
38
23
30
8
10
9
47
45
34
23
12
0
26
5
4
39
47
48
17
2
4
16
13
20
19
8
36
5
46
16
23
15
2
9
18
22
7
49
9
22
41
12
15
16
3
22
37
18
41
18
24
2
26
5
27
18
9
46
34
13
18
27
6
13
48
24
9
45
28
44
29
23
38
14
2
5
12
28
49
3
16
32
8
12
22
22
40
23
16
37
12
29
47
42
6
42
0
25
47
44
43
10
20
14
29
10
41
43
32
7
2
22
9
44
49
20
42
41
36
2
46
41
12
4
48
27
39
35
42
18
28
37
38
22
8
41
37
38
14
21
21
15
2
40
45
10
1
24
12
3
20
10
34
10
23
11
32
21
42
20
40
5
22
7
13
39
9
21
45
3
22
31
8
5
20
1
28
41
37
9
25
16
23
3
4
47
11
5
10
3
30
25
41
43
7
45
11
47
41
46
49
14
17
29
26
3
15
45
40
9
19
45
16
9
19
22
3
45
21
47
48
19
3
38
15
27
44
16
0
7
25
20
5
34
11
47
23
4
38
23
18
49
14
44
45
17
32
47
2
14
40
41
21
36
13
22
45
27
31
7
8
24
37
8
1
43
36
6
37
16
42
21
33
37
14
13
37
27
38
28
21
12
30
31
43
31
10
36
25
46
24
40
48
39
35
0
37
4
12
48
24
42
43
15
12
12
31
32
8
5
16
43
16
49
15
43
11
17
29
39
11
44
34
4
38
26
15
37
34
1
19
29
6
40
47
46
41
23
31
34
49
5
8
44
21
48
31
33
18
35
15
5
30
36
24
32
39
35
8
45
2
30
4
37
22
43
17
13
21
7
34
39
34
35
47
23
34
35
35
20
8
29
25
26
49
12
0
15
19
8
49
16
8
29
0
48
45
19
42
48
8
19
39
36
6
49
8
21
41
16
1
6
34
29
28
8
43
31
1
48
9
44
2
29
41
45
17
15
4
24
1
5
3
30
8
16
19
43
15
23
42
29
30
38
32
47
45
9
49
34
7
23
48
1
37
6
32
4
34
44
49
27
45
31
23
38
31
15
25
27
25
0
44
49
17
19
18
46
16
9
45
28
10
34
19
29
46
39
31
28
16
31
48
2
6
26
41
45
37
26
5
11
14
49
10
42
6
30
37
10
14
31
10
32
5
45
11
4
33
31
27
38
28
17
46
45
15
47
28
32
5
5
26
32
42
30
16
48
8
6
32
3
35
4
30
13
5
37
17
26
13
7
16
0
15
9
4
9
47
15
13
19
18
25
9
16
38
41
30
27
5
14
6
11
16
42
39
9
6
19
0
20
32
22
25
44
34
48
23
41
21
47
4
24
17
43
45
4
48
41
34
17
36
35
1
45
14
6
9
41
2
2
20
9
11
40
30
26
6
12
48
48
35
45
10
40
36
21
10
24
9
42
43
7
11
0
46
26
35
9
46
14
28
31
22
5
34
0
49
45
17
29
34
48
6
4
15
36
45
12
48
35
24
4
13
16
11
7
45
30
22
20
33
14
13
32
11
7
47
19
29
39
23
16
28
25
46
9
28
42
11
7
39
28
11
30
28
26
22
26
9
47
40
14
9
46
44
37
31
12
34
5
30
22
47
19
34
5
29
29
6
42
45
39
9
11
45
5
3
29
6
15
6
17
16
6
24
11
23
18
25
8
10
2
39
21
8
30
34
11
33
43
43
9
7
19
39
11
14
39
38
36
3
16
15
6
32
15
49
20
21
33
20
27
33
35
46
30
37
30
27
9
14
8
37
49
29
29
40
18
5
8
9
41
14
45
48
6
23
21
48
48
15
21
6
32
27
37
5
4
12
36
3
9
44
28
9
0
34
42
43
32
12
11
3
44
12
7
33
47
46
14
0
46
17
17
15
39
25
48
39
36
18
46
24
10
12
40
17
17
9
3
29
27
39
9
29
4
22
19
37
43
21
43
12
44
43
2
21
49
47
8
7
47
33
24
13
15
17
15
8
17
12
17
3
5
48
41
31
36
48
46
10
20
21
3
5
37
35
8
17
34
24
12
39
0
18
3
43
41
28
44
28
11
30
41
23
15
49
28
2
31
32
3
36
21
16
14
14
41
35
12
28
13
23
41
28
39
22
3
47
32
15
0
21
7
48
32
2
17
42
36
25
0
1
35
37
38
16
22
48
24
4
14
2
24
32
26
21
36
11
9
42
10
4
42
28
20
31
34
20
1
21
19
3
16
16
40
4
26
27
42
44
24
22
28
45
38
34
3
49
24
32
10
8
15
22
0
39
1
28
19
40
39
47
44
28
40
49
5
18
25
17
34
30
45
14
49
46
48
32
27
5
11
20
8
10
40
48
13
2
42
25
21
