500 500
258 500 23295355 65900227
496 68 74294245 78011059
454 202 28509391 82065161
304 182 26876914 83900307
89 352 6971433 70854947
202 500 16815295 21446658
382 272 27428728 79476838
62 100 23707908 66872968
419 356 22101911 74465154
259 453 55071403 64021752
413 151 22952916 56089516
433 288 7183583 47618629
301 190 5151385 18076650
353 209 10244937 62489444
233 450 50511271 58218186
458 107 4884209 79086347
86 199 1453977 73886540
463 32 15851088 43096056
310 453 3456966 26028083
324 500 56772564 74479229
147 500 38258760 72298336
163 327 45304854 75576918
395 393 22984131 29568345
364 388 54052393 69287383
191 68 50798416 80931962
320 239 34868113 44780791
394 418 14527405 39087327
145 84 26069309 31112364
167 277 33930117 75159363
425 143 535003 81747954
408 77 4321038 53240751
324 500 60324175 74096870
464 381 65953756 71996210
276 320 30702536 68153775
149 51 28832991 70466886
352 500 50931827 63917469
271 275 3385751 53455157
241 314 39188271 60889188
497 150 57566494 76570724
101 378 41295653 73068951
1 419 17204824 35369856
233 434 13205401 58318765
271 452 67697046 83420010
190 441 10418741 52805492
169 500 2661653 10870700
1 456 7797007 77449578
459 230 2475040 27040751
494 31 65299 27147927
265 451 17471674 55878267
498 351 19586259 58393432
477 438 19309085 28618582
492 39 34168495 72156218
92 427 5386357 79442214
296 152 936202 16616118
322 117 1569188 32865438
1 500 10779638 20587846
1 339 10037822 35519689
435 456 17993404 81466985
267 292 64606390 68207599
273 3 8341901 48439924
66 325 41162480 49871822
57 268 10924164 73728574
147 500 3289539 71764161
413 64 25454480 31489217
315 500 32118137 75056836
192 500 72808228 76227466
413 238 31172948 55312530
461 126 59311030 67502648
123 22 58894169 79557016
302 181 32667887 63335617
315 393 43527448 54877405
122 290 21124490 22821472
465 364 30631126 86243970
298 500 8840160 49863573
145 452 36324074 84184265
392 444 46927372 69056672
374 337 11867876 15109450
71 500 17532371 38706353
264 99 2222252 85618623
374 107 56291098 72310983
468 89 10557772 40948558
408 88 45211743 58585249
264 40 22190973 50747522
472 206 21414502 22543566
407 449 21757985 80998030
394 449 66901321 72146695
307 500 5037128 77319276
139 212 34757940 43168256
150 378 79462857 83059043
73 457 27157738 66510194
1 385 32663880 66565351
367 325 2866923 38774441
127 301 16262254 52551761
166 233 46974812 70200016
369 454 5643246 66040693
306 296 20897317 45112283
285 410 37934326 67258723
119 48 4107955 25111079
343 291 27507118 50714894
231 405 46862971 82404762
245 173 47723181 52168022
359 336 37047233 39549556
360 59 28863011 35052119
309 56 1135110 63949688
246 406 46676214 82295970
364 500 46619655 77241038
111 95 7349608 84991003
1 56 50931384 58626831
297 335 17692252 27268251
269 123 28554788 51710520
475 456 29001612 43417231
1 271 17404747 37837683
218 423 10378853 29954826
241 431 33034016 53439795
203 355 26770311 80147011
1 422 41119204 80566450
392 379 34735573 50350631
389 383 45523483 51049034
319 136 40365857 84655487
183 102 7779582 62385570
344 167 12228656 46086957
302 271 21887849 26387027
47 87 129313 28943980
265 413 32514534 71291342
308 79 13523894 56027693
283 316 83737779 83816649
418 172 40457720 71193869
270 412 26385981 60197208
48 190 7017689 29642261
59 361 33371840 43484595
483 77 44732603 50634680
161 156 8347719 58461942
216 95 9541017 52345941
345 500 45688729 49321040
348 36 45706843 71174268
476 289 19876251 33725715
114 264 9475749 63831703
472 20 36078287 49569497
375 113 41177839 71085534
306 500 9235956 69810067
243 424 11878122 63956375
317 500 24478166 30609220
127 56 32174710 36271328
100 101 45349508 68037276
332 357 21895782 27441248
74 418 58050206 79165614
444 7 11117550 80526425
387 360 28429706 65014363
462 206 27387519 72335722
385 452 27194919 31593172
1 203 62954409 72104728
187 38 8678646 64989158
447 309 76074031 81458707
301 368 18946903 38195969
418 428 15596861 51997197
48 378 49050003 55178369
1 500 26691829 79818488
383 429 779353 80629075
177 37 3034614 71763681
89 317 19711509 51067960
194 129 6450478 60279223
478 428 21077371 43691495
138 441 17561737 45972105
1 71 14835707 73117067
1 176 54219556 60266058
155 500 42294865 62617311
423 330 19008062 45729264
421 431 1707693 52113033
116 165 13803396 65447709
399 149 7459400 13942715
154 357 23648224 31944804
1 283 56912416 74716334
267 28 36786651 48459744
100 43 17235549 47524675
95 31 63936780 80081855
263 357 37012203 79412082
64 303 18517859 75996592
1 79 54160310 83511611
466 8 19511748 66067478
1 8 13735586 54453601
301 152 21344363 43859275
153 431 52587818 86314248
43 228 1497209 25984267
308 315 32541844 51939186
44 207 1762745 56052755
317 500 18385028 47244412
455 407 46803882 48282652
220 313 27375677 52430472
422 45 22135536 57825133
421 45 19269343 59483246
71 186 12998725 78229052
286 74 10033136 54652904
139 135 11216244 76503219
90 402 1335929 48499471
156 285 6657924 51577674
243 196 5190409 19592284
386 330 39976370 41795826
173 360 26531596 36098280
254 174 21458885 85828282
206 431 9778232 20764508
482 280 48434055 77415822
77 14 43778254 64889501
478 104 66990648 86181903
136 218 71607013 79638069
409 308 23776201 80106593
150 156 10593525 40820049
142 308 10109167 63887494
206 260 67466033 84599668
476 150 13236215 36236260
187 500 11229990 38455981
138 308 30664489 36420926
201 62 71738716 81338759
135 337 24698779 56380050
330 110 21650025 53032318
235 29 24099897 44804536
498 500 44324216 85756303
203 112 51028434 66171042
126 138 10893693 65715903
55 116 40064177 66968337
364 296 9002902 60469122
1 296 5245085 55209192
246 15 607156 69947097
487 234 17205342 75539345
421 500 65350752 66417221
96 3 34511794 64043081
310 435 243272 15729149
259 453 23369188 79798726
402 8 5013926 73348605
207 72 12771627 21752154
318 124 40944789 68000131
116 500 32933078 74305701
459 25 5062567 14517538
99 348 37771451 75477537
1 34 52688396 53488956
400 2 44287757 81876644
375 215 13365294 15506117
83 409 19731002 42908849
103 379 10814733 46572056
100 237 23948166 50977423
78 500 59815 29867265
173 99 35761822 58947453
478 157 10461940 74237185
369 217 27636085 54358264
430 419 7281107 34958615
56 263 40228602 40710161
355 67 61559040 70674539
450 281 20691251 66826742
414 27 23033133 85646292
248 417 30936435 36155181
57 407 1114566 52076118
484 347 48862367 65457570
437 500 43030739 50522510
393 124 75848824 83075658
250 62 37387692 57639427
275 97 39092325 70497007
197 245 23329125 86315135
456 53 36365753 56233230
363 220 8367987 53033721
105 161 33706114 65861024
188 331 3231536 3829055
299 500 28099745 49651465
307 500 59233283 83159255
477 59 8199351 47339232
252 373 29989018 77781976
469 18 12049095 78997272
191 186 50430405 81014421
1 337 42200790 76109549
203 198 39191327 72986112
371 377 31578602 57853006
253 94 13378333 63245505
326 232 12442263 80002898
1 416 65215271 69726354
394 424 22073549 43060412
335 311 2574205 63454099
463 123 54028269 59554411
68 227 55336973 83094830
231 379 30683556 32808331
63 500 47991108 84623596
187 142 34849874 75466117
407 445 8094577 70768378
73 300 28960531 36678691
299 201 43929062 65867905
111 388 61125042 81577071
466 440 32812203 47860324
171 269 66451757 79266763
1 173 570821 25398315
369 124 3195714 38912347
133 240 56771444 81955254
306 348 29687169 64705088
468 137 38841618 78991298
402 324 6050956 56434284
76 119 20089948 37523857
131 242 24353089 60406863
1 205 45491385 67862626
170 443 43231324 67080318
357 59 38843847 55260545
264 303 504444 67557405
234 357 37804818 52063308
146 396 34806154 70710183
422 135 44928831 59829270
479 279 3572445 63944777
80 10 49388400 56402122
309 343 60044261 78474788
365 100 38100486 45339126
264 340 21950215 76305437
155 134 33713910 85881374
377 49 10171879 17434908
277 67 16819571 71611396
264 140 38449704 74956918
478 393 61448582 73982825
365 173 31162149 84406943
120 119 55440548 75484900
227 500 32286860 51746893
495 219 2349767 3146654
402 500 36800110 82526300
100 189 19585798 51065598
71 323 68050515 85881244
416 408 22916264 28683320
177 183 644834 1846118
430 137 6775025 28292087
91 457 72694267 85471710
422 319 70346169 72133672
98 374 48018706 71921082
141 182 16592255 21976536
353 195 6909749 45254025
1 500 44503225 45863657
406 24 24748898 54032429
44 78 4629983 64992305
223 325 21541020 28952694
404 347 23342571 56533151
173 404 28937529 68644420
405 193 12052724 86004389
303 25 47191945 72966342
444 58 16229912 37533945
200 124 9265970 23369435
363 273 50071145 57232322
361 247 44330929 48663453
432 33 60215948 81475159
131 156 5811585 35351928
229 219 20382158 53043315
341 449 25452174 25571346
208 373 71197380 74407249
236 435 23982051 46414943
1 500 4900276 71371874
254 233 3243265 38297034
144 500 79366114 79749510
265 14 36987338 70627735
405 384 13895039 20405589
72 255 29957079 51185905
1 301 18373099 38862101
336 313 21966177 49325921
402 500 25397502 39502128
375 100 76414993 84378257
105 296 59849966 66373762
370 295 52267740 60566429
1 131 17975995 79719380
114 78 9504339 18852006
276 70 2813986 22561983
150 369 9287281 65130967
261 295 14129008 57073414
115 35 9866901 46074319
45 500 51766166 52682291
68 29 4050470 12716514
179 327 1517958 51348882
327 409 2692463 35963835
231 340 4107404 29623978
352 349 15166765 78745173
145 331 6846916 36111317
307 381 37161699 65010291
189 79 8421771 64726474
394 500 12623081 68205699
196 500 29627356 64503999
467 444 17098329 51814251
420 312 23245567 69039904
219 101 2448757 19018576
452 32 66784836 71687600
79 348 14689527 61870302
364 375 70466446 71642710
317 279 52676286 54757569
119 500 32656313 33044438
407 173 364200 25022218
128 156 10366450 51117401
372 159 18449511 50832989
192 208 2560488 68677777
480 160 3683321 57499464
410 339 15750609 38031184
355 322 7663238 85806218
135 25 63830425 76171810
463 167 4690190 5808734
446 201 27213183 41588515
1 346 4250168 11661187
259 62 39612634 82375226
493 75 9877885 27797840
497 301 75299179 77371667
489 414 35320377 51378220
414 145 32596757 61104681
488 30 46513094 83574466
385 456 19688711 36941296
254 405 49385950 53283894
437 430 44172945 65166300
491 246 32543953 56601283
456 406 49589389 60493383
266 12 34576755 63259583
385 500 10603096 13099495
303 287 2269334 70878865
450 253 27874164 30045400
423 156 40600785 54703209
438 370 28829372 41060637
339 68 4458326 79428170
44 133 6676546 53995587
311 126 70049805 83497674
433 337 39264849 65704727
376 385 14542071 23513323
168 87 46328332 53381583
225 269 29542284 70696340
324 9 8484461 27591203
243 77 40162143 61715495
343 161 46959188 78794220
392 334 1721859 78718925
285 117 13572642 79811556
1 129 48836279 83576620
212 442 2755025 59965648
159 128 28176856 61628176
412 350 4776475 11945154
322 25 57125153 58307733
345 313 30007280 76050458
450 112 13621308 29367850
115 46 13988000 77725638
165 306 59805660 83398272
131 345 26559205 58031480
372 205 43894297 55622023
244 311 59201841 60372940
295 500 14801414 46154237
1 98 14971517 18050346
208 380 18560702 55392053
55 64 59562278 75159126
74 259 54411531 76109560
74 4 28291493 66411249
416 421 36578000 64182931
116 500 56516358 61288987
62 89 37891784 42520220
229 121 4007790 30130082
88 86 14724150 40951019
167 91 38736583 46062849
107 136 30951897 63727615
51 264 39435727 49661067
68 500 23543861 62450310
227 195 2959585 57153061
188 500 43527508 76201863
362 435 29339722 64364438
268 31 7052234 75240524
416 78 8658015 79609531
466 90 17873245 46904989
489 153 8128588 46498244
409 224 2342570 28797427
255 59 59637032 85313575
117 206 46288755 79095305
330 91 1952833 75539226
267 407 1822102 51884621
164 257 35282794 49020395
410 399 16772403 80538233
389 274 61153438 64489608
85 403 24329043 60613840
441 274 34580833 61487524
385 500 27164844 73015958
62 288 4535365 22051626
272 95 12457260 84116919
181 365 8448529 66464076
215 453 13241177 44083833
1 89 16885500 56292558
415 414 27812392 83999101
61 217 62053381 85988257
289 172 19359578 76865464
209 425 68073929 75344805
356 299 41307794 46747647
285 24 18679098 44620715
196 294 23532481 38998915
67 500 3883681 57607659
370 448 884105 82845450
45 294 15924798 68070277
230 500 13703459 43524757
386 246 17345723 36865496
412 144 4445689 39281010
134 195 68423540 84128777
1 439 71393104 81039538
213 356 27376280 48328549
378 172 61401050 70228531
401 346 57281420 62289797
102 15 68872768 72709076
262 242 51081028 55522206
276 52 5597548 60293496
404 155 27436982 43446252
113 355 27189935 73756671
220 318 38954860 58401605
249 214 44926123 79040856
258 297 66122135 83267765
419 133 4870365 74803343
1 4 18823416 30273743
319 335 8662611 41973064
421 243 23685127 82620303
1
68790976
