500 500
1 339 12092610 62866045
389 232 43269979 74420911
274 172 21459283 77623533
448 281 42850135 79871491
1 288 10628302 20135572
360 178 32412451 39787090
491 265 44334709 51119531
488 78 27811953 44962290
1 325 15862078 51436403
478 500 34163935 62009251
402 147 15406799 65310061
246 500 32598631 35061801
404 192 19486001 57367277
443 500 9571178 81304595
427 9 34786059 54288484
439 500 6058164 74739749
1 79 76969655 84064839
440 500 9778558 46345228
320 87 36845949 51707916
1 332 19278535 23490163
1 381 6016072 76251557
1 471 424103 36247114
366 104 22810221 66782723
1 389 3507717 52591636
446 500 31026216 53169100
301 66 6427206 38423736
360 500 38725319 69893388
1 370 1503477 7604631
1 231 14465343 20895001
463 500 44773184 72000379
1 116 35846673 71405569
478 100 2650868 39312167
276 122 24053030 47517713
418 31 27986180 37256632
419 55 62515341 77032373
280 217 71428490 75789300
274 13 44153905 52761541
330 500 56067808 73098078
455 500 37219564 51597194
1 69 20131446 42077541
380 500 41286879 61073016
1 34 53962222 63672954
1 224 14997673 19459672
497 228 64011934 83820273
297 500 5118771 21957486
469 193 31089961 31284878
1 487 32862890 67006116
1 209 3620267 66489910
1 375 37554751 44076707
447 500 41740270 43398085
375 215 11596006 46298038
1 401 72687858 74248360
1 16 45624372 67485935
1 459 80238509 80743530
286 500 35055751 47424836
1 57 5903073 40849948
402 500 7345921 11064269
1 434 27107149 81390393
209 139 4997753 20250313
259 500 3604173 26210075
459 238 26996178 78738263
1 375 27035153 72827751
1 176 1772513 73071513
429 500 50970397 67405694
365 500 8186562 64304957
434 46 13486810 29579322
347 255 566409 42399175
480 174 19377490 42140238
1 213 45207023 85597981
469 189 17454516 31924625
225 500 50858647 79701972
238 500 37865002 49285120
1 458 45504998 65571708
252 141 68079054 81394762
242 65 37776718 73885772
347 500 56814540 78726840
381 15 55369097 70537831
1 120 71880314 84315412
1 208 12314673 45686111
1 40 14129356 44480482
1 11 55410010 74461812
221 500 29837782 39634737
1 474 3391269 75221945
354 6 7928835 64400503
444 500 31682293 75806896
475 59 57270366 72721490
422 295 7252750 7333418
389 117 12622014 69554080
203 84 23222395 28100934
493 500 55398243 74228824
430 163 7208803 42801084
1 128 3862897 28629514
202 500 16330833 28592090
307 171 25763056 36169990
411 130 60503529 78899616
1 77 17788466 22520933
1 157 33054458 51218527
430 231 4842830 30235157
1 120 34507044 72413448
398 170 69670449 70875756
471 86 24066518 57179163
375 500 40659422 86084258
1 492 7789798 27255238
1 149 7078079 50334778
226 500 9951638 53704922
497 239 21109266 29480388
1 87 31896963 69132337
314 201 2289464 77326129
497 74 47447541 57861062
360 12 9558377 84193338
1 224 44372490 48321350
1 124 3876025 35106579
465 233 34397667 74446362
306 68 14756553 48596910
375 500 36454147 74028063
347 257 61755219 70265057
371 500 67958145 68839644
239 60 6206637 43465164
365 12 51206855 62245478
253 202 70529439 83553491
1 471 18208409 39346205
317 500 2607201 7171881
1 325 1510342 10861195
1 11 43937951 59702987
481 32 55012773 81215219
377 500 34708671 45716773
1 432 50906332 69209687
400 149 16384418 30886162
274 220 34818321 36487918
327 500 19942245 77690377
495 500 35235899 82708370
394 176 51596457 74970911
467 154 15839695 85001058
263 264 2358078 65488515
276 500 7245308 36267995
334 122 6854279 55480866
202 6 68262461 74011794
1 67 39236958 49449929
386 172 46571382 46599147
1 277 9144061 27866584
202 288 10618180 41311105
466 165 32642126 77692809
1 295 47280844 66472747
1 294 23637006 84849115
384 500 5280913 21804114
1 112 18219526 75004026
1 281 26350843 81213756
499 500 40824178 56279981
205 500 39759572 72856192
1 448 21469422 68409771
421 205 73643093 74559555
466 35 14507236 61097186
270 262 9117485 12784018
1 358 8060198 53820251
346 500 17394966 81257626
254 184 12475318 55835850
292 273 8011282 65075392
359 46 35923101 42922688
420 500 5708509 36937999
1 437 48775677 80692788
346 134 238665 18265993
319 269 24227751 32910528
1 477 50406057 57358944
346 219 35876407 72786175
203 500 77713864 78850721
294 500 12590618 43262945
261 500 43730058 45860972
468 293 52241779 81451206
1 265 21262691 70357730
1 204 4802918 35852769
235 48 3508434 47484830
256 500 35426851 40443294
432 283 28433220 86202738
440 500 15184106 35389093
331 93 31132252 75976298
1 448 35120802 82267693
1 177 31372177 65812222
253 500 23965715 81690937
1 271 5492159 35584384
490 256 49408527 59443366
318 45 17127395 54099923
1 8 28233043 52194525
434 296 18098100 43794070
365 500 75378925 77802641
267 159 54714523 59570003
388 500 13565756 76433153
287 260 14019680 80321995
257 500 23108749 33223563
444 261 8545457 46589313
1 54 1084497 73559835
318 500 2975758 6332105
1 17 46454148 58712899
302 156 26986675 55998160
230 266 15136602 73004465
1 200 26581109 71163201
336 500 16083849 83167117
300 45 23879340 73239928
1 60 18739137 31212578
1 238 7870805 58123101
219 168 40908601 44295058
1 164 26812278 49518029
348 500 4842844 80577400
1 55 51013989 53273457
1 447 41002385 77148688
487 299 2556251 56973143
229 500 31353498 49344311
1 12 6951476 85351630
1 392 22361700 25646078
1 200 8336022 64794611
1 20 12025853 25800793
434 112 19756218 47295021
450 500 22890070 26715160
1 289 47305767 84662089
481 500 13146022 80136679
1 4 43790475 58454135
233 500 38301762 39448822
273 187 52018472 63080502
1 205 28338217 50219555
1 478 58733057 77873337
1 324 10288012 15950447
246 500 57722826 77146387
1 98 42607516 77778737
251 105 59436158 83457271
279 271 4972301 80379786
498 500 42053528 49605013
489 500 19217736 54632587
475 500 53872910 61721312
340 500 10292601 21109997
1 353 47140252 55435876
401 133 31602102 70303647
320 61 7448947 43946079
424 71 23162644 32251244
345 295 41530615 49395833
1 179 19758219 48007555
1 236 36446278 53797436
478 189 8005003 82752058
389 500 2785338 56304176
1 448 17372177 50741021
1 477 4847884 34449684
284 500 3267773 53787740
341 165 6903249 72444244
1 120 9313820 85792893
1 453 2456834 78319466
343 47 22218630 33218848
258 500 80945105 82967046
348 74 62024353 81359334
1 140 60300830 83031407
324 249 5403760 52459688
231 268 48397363 80317199
370 500 40037744 73572969
369 500 71256987 78964920
447 500 69940415 77150141
365 284 2917605 69086113
336 4 54025824 62450588
432 500 25315438 65915035
1 498 62481946 78054063
331 175 306334 30279379
312 240 32574016 74971207
373 132 29526043 73520002
1 168 5068002 77210100
390 279 22676070 37949526
285 54 23656120 44039609
222 500 30740861 37746635
1 69 42081311 75755871
224 19 42090770 43220072
398 250 21651316 63430952
447 500 7835108 70760357
373 500 49404104 54578407
1 241 4087250 14983403
390 34 35830050 84914836
1 232 9222187 32709403
404 500 25204439 47682919
1 390 1735265 61718914
491 500 35158155 78048349
1 499 62579208 83419796
1 460 69465045 83044401
1 223 25694868 64826483
286 299 57028410 76082040
242 286 37687537 85736436
1 289 11830832 23803818
304 287 8541800 35253793
384 69 8971246 43783990
468 500 18014434 34412820
1 19 18508847 45608015
1 188 21182706 49217665
363 31 17057805 21206146
281 500 12220450 38153928
484 53 7180353 67105319
1 354 4286122 22505390
1 438 52989452 67819150
346 277 58902308 60714908
395 500 15060337 72394454
1 494 19004558 84921651
212 500 23925855 68087194
1 155 14141307 74726493
389 178 4495407 70366408
237 188 13612071 50322159
1 471 2346030 35024856
318 75 14501226 54305367
1 10 16651546 31565925
238 224 8036709 31360074
1 339 14866950 74357002
390 61 46093840 69088769
1 409 73090596 85991664
290 51 61364358 73336934
427 500 34102966 71198357
397 500 5433049 58787753
408 30 14578108 35092523
1 168 43493500 69486978
251 277 41756348 49313820
1 117 29317323 52640545
1 408 73097014 84791679
427 500 26880556 30808966
1 389 21890702 41958380
1 140 58879311 76153678
218 175 6963541 52084806
1 84 15574199 43738690
239 500 26572290 65853456
275 500 39896974 47749390
244 500 3485572 83425246
1 27 35258876 64469220
418 500 894670 46947370
256 69 30714568 84833962
214 500 5394343 62458298
259 227 32069260 39564161
230 274 50485863 51774659
325 500 36759815 48326074
1 311 36099496 59659497
286 49 27350804 45498820
1 321 18690229 63207463
1 77 1677894 39158592
462 500 80804975 86344077
1 492 50232628 81235228
417 243 15200037 78398772
1 446 3993826 12140787
1 109 70925751 74127455
429 80 28105649 52759640
1 405 9566798 18169123
360 169 31254160 56793262
1 217 19713011 69879361
447 265 28222410 47011165
360 500 72927887 73290004
438 40 29615633 48433522
1 46 4382433 65802406
1 106 21016231 76815673
1 297 3760528 23215011
1 146 2795594 27628337
345 500 78197818 79405389
1 265 21148885 80312039
1 134 57492861 59400153
369 27 22619151 25237376
324 50 7448010 44594799
1 28 25498809 73330232
239 83 34147900 70409202
387 164 3952224 23134050
482 203 47504081 47940697
388 500 54250388 55173070
1 227 23920228 77737336
1 242 16837321 55907289
1 384 19858823 53445713
413 117 40556612 57304667
366 278 18910715 79836071
233 277 56703125 61559806
1 246 55107099 71177765
315 500 31371331 37629458
476 500 47427497 76888664
490 96 8273934 75384300
238 500 6201602 6697148
279 500 81488156 86210175
345 145 41296434 83409572
1 173 9773027 39749127
262 500 925261 86216917
358 152 73579177 83991356
337 59 71355442 83805927
224 500 11818341 53206336
382 203 9127315 12864225
427 237 10755116 37264659
1 422 28006434 60223604
384 500 10883999 66510824
337 177 39838934 52598811
234 500 61772516 77402698
1 211 69633939 75055449
353 37 18593547 59846181
209 174 27711315 78789212
290 500 5988321 55942583
408 500 61431471 86032744
219 196 13283995 56269113
485 210 8035937 30113520
251 162 21820923 74174012
1 89 16880625 59768888
1 419 250702 36802889
356 500 4103667 23460334
370 104 12304920 24783614
340 27 42806131 55763607
235 163 33947246 61871808
1 311 934816 5009576
1 153 52504014 81949000
453 500 7470044 78063276
1 342 58153120 66535821
1 273 8271557 12563566
347 500 10689811 56830477
222 179 600798 75072787
493 190 46503794 53131318
1 334 8800308 18777454
293 219 12538783 58238106
334 109 39832354 50465696
337 172 22313673 32360868
449 49 42062585 85293942
1 311 21070981 32769183
1 151 33488105 79602250
1 268 68132653 78334192
1 109 22008574 56168380
285 171 12673881 25820298
357 18 8647357 66199503
246 500 642821 45468698
1 249 29352689 79251035
263 500 24527154 70307235
327 216 66272635 67799733
233 500 371307 56392545
1 70 2792461 46932443
250 115 25411923 30029116
1 300 12359597 60015509
286 500 45909536 50206607
1 9 11481725 12997341
342 61 65488521 73871271
216 8 39579421 71203977
232 41 12903570 65635584
325 500 1023936 12628046
1 68 71692990 78981548
1 135 80448950 81828315
1 117 8764209 54146230
370 198 55272651 80186238
410 500 8707506 83513743
298 274 9415310 78585487
461 22 70753454 76294883
449 500 16920890 67526662
1 308 1122411 6070037
397 167 41688046 62052311
315 14 33756717 81038744
1 100 39831130 64560741
257 116 2686111 28658488
290 500 21732978 36922065
1 491 1935695 12831946
252 500 72346607 74313887
1 230 3643482 65855249
1 353 1005058 36679135
1 447 60097427 69502766
452 61 22501046 42886782
205 500 4305823 37594171
383 500 2756940 42264181
487 173 11098393 67880610
349 294 43311234 56567052
283 500 11738625 17836340
1 123 12329763 82885867
299 500 17254530 65509985
343 241 3931469 24573663
290 500 21836126 38901563
1 391 46986415 77944973
1 176 41162850 64649599
1 421 32856254 49661944
433 159 4466205 19778404
362 500 9444946 15224834
407 500 29746800 46842399
353 500 43906154 49359562
1 337 55235225 71813833
1 43 58081606 80584968
1 127 57185531 60695014
1 358 26956907 28549949
476 129 7263102 37433023
436 196 38619352 56217047
415 216 39957726 59330331
1 44 42813187 77557832
360 210 15003884 41293251
316 500 33796522 36905660
1 461 32489352 66739581
1 478 52977032 54760685
269 500 46720537 71375943
347 500 35928198 41584005
1 30 447762 43036820
368 500 15467422 68878340
259 225 16160788 81571459
444 500 46654203 49563159
350 277 7794276 25394588
1 193 41346818 71565451
398 198 12145161 59980794
321 500 43474842 49884548
1 441 15721908 34963394
350 500 24102828 83700404
415 196 26906747 75451334
1 239 20218404 84559194
205 27 2857344 54094525
403 134 14039664 15630053
349 170 13833799 15272482
241 266 9483 7677554
238 500 66346014 73421271
317 500 23031988 54055447
265 500 10953552 15243557
473 233 7055495 83440182
489 500 72152352 77188018
337 168 26351263 75546344
1
0
