2000 1999
1 2 0 1
2 1183 2 3
3 1748 2254 2255
4 45 2658 2659
5 1707 3178 3179
6 1372 3752 3753
7 318 1032 1033
8 607 618 619
9 1104 2916 2917
10 636 3520 3521
11 829 3004 3005
12 1169 524 525
13 1485 1772 1773
14 685 3686 3687
15 1008 2044 2045
16 480 1950 1951
17 695 2754 2755
18 56 120 121
19 1276 3232 3233
20 936 2136 2137
21 235 44 45
22 1448 880 881
23 812 2692 2693
24 1868 2178 2179
25 187 1138 1139
26 193 3240 3241
27 1533 2328 2329
28 174 76 77
29 880 2144 2145
30 282 3420 3421
31 1640 438 439
32 935 820 821
33 146 3886 3887
34 1752 210 211
35 374 56 57
36 216 1302 1303
37 513 1566 1567
38 1145 484 485
39 1729 842 843
40 862 3314 3315
41 817 580 581
42 1570 2228 2229
43 1158 2806 2807
44 558 1898 1899
45 1910 2660 2661
46 675 1606 1607
47 1007 2840 2841
48 473 898 899
49 1034 1258 1259
50 1044 600 601
51 674 742 743
52 1282 2704 2705
53 1302 1570 1571
54 788 3360 3361
55 669 3746 3747
56 1800 122 123
57 571 610 611
58 729 3448 3449
59 1614 2976 2977
60 1664 1552 1553
61 106 2628 2629
62 917 2962 2963
63 1425 2700 2701
64 968 156 157
65 518 1272 1273
66 1618 720 721
67 1405 2110 2111
68 882 3084 3085
69 1686 2510 2511
70 1646 3424 3425
71 913 2862 2863
72 229 2380 2381
73 1478 3280 3281
74 1164 1452 1453
75 709 2162 2163
76 1780 672 673
77 15 2042 2043
78 652 270 271
79 138 3336 3337
80 950 278 279
81 1730 354 355
82 1836 348 349
83 719 2558 2559
84 201 860 861
85 982 40 41
86 1299 564 565
87 269 1090 1091
88 119 3868 3869
89 1288 160 161
90 451 2736 2737
91 110 2946 2947
92 1074 1102 1103
93 1559 22 23
94 304 3332 3333
95 1198 3696 3697
96 1816 1924 1925
97 780 3196 3197
98 1024 1736 1737
99 749 1330 1331
100 966 50 51
101 861 1320 1321
102 1863 3862 3863
103 1289 3182 3183
104 714 918 919
105 1345 3724 3725
106 939 2630 2631
107 222 2726 2727
108 964 202 203
109 1227 560 561
110 1688 2948 2949
111 1944 2614 2615
112 345 3228 3229
113 1693 3664 3665
114 979 3596 3597
115 1184 10 11
116 438 2456 2457
117 303 1236 1237
118 511 954 955
119 217 3870 3871
120 1426 2352 2353
121 1726 2672 2673
122 737 714 715
123 556 730 731
124 8 616 617
125 510 2624 2625
126 1642 2318 2319
127 294 3682 3683
128 1217 3144 3145
129 786 1884 1885
130 1504 2966 2967
131 246 2190 2191
132 661 1400 1401
133 1189 3026 3027
134 421 2200 2201
135 1916 1838 1839
136 1223 2412 2413
137 1248 816 817
138 584 3338 3339
139 1581 2094 2095
140 1359 1732 1733
141 1099 1844 1845
142 1088 2872 2873
143 704 1248 1249
144 985 138 139
145 293 2394 2395
146 1540 3888 3889
147 1004 1202 1203
148 1465 1628 1629
149 1505 166 167
150 1825 3832 3833
151 1346 2566 2567
152 506 1634 1635
153 1522 1824 1825
154 1950 2778 2779
155 317 2600 2601
156 418 206 207
157 1108 1306 1307
158 1939 2546 2547
159 1887 2220 2221
160 828 242 243
161 1202 312 313
162 1804 3896 3897
163 563 3122 3123
164 910 1644 1645
165 1399 3202 3203
166 855 1686 1687
167 928 114 115
168 1761 2356 2357
169 368 3154 3155
170 1892 556 557
171 1061 274 275
172 680 3988 3989
173 1208 238 239
174 1144 78 79
175 878 3254 3255
176 997 1788 1789
177 1727 3392 3393
178 1133 3624 3625
179 1810 3462 3463
180 1458 3654 3655
181 1878 1068 1069
182 851 2274 2275
183 836 252 253
184 1760 884 885
185 1867 1864 1865
186 182 2272 2273
187 1423 1140 1141
188 460 3492 3493
189 1841 3734 3735
190 1622 3502 3503
191 1973 1536 1537
192 343 1966 1967
193 1037 3242 3243
194 971 228 229
195 1602 3714 3715
196 1831 1474 1475
197 1329 150 151
198 925 3802 3803
199 1565 1352 1353
200 1053 812 813
201 1952 862 863
202 23 2690 2691
203 785 2304 2305
204 162 3894 3895
205 1419 1182 1183
206 683 1908 1909
207 542 366 367
208 1615 982 983
209 1750 6 7
210 1146 1058 1059
211 231 1004 1005
212 1209 3374 3375
213 550 2156 2157
214 886 1612 1613
215 150 3830 3831
216 157 1304 1305
217 1500 3872 3873
218 1742 3436 3437
219 664 3014 3015
220 705 1428 1429
221 275 654 655
222 501 2728 2729
223 1245 1176 1177
224 311 1858 1859
225 147 1200 1201
226 1472 1022 1023
227 1297 796 797
228 523 3406 3407
229 1019 2382 2383
230 1280 3106 3107
231 1797 1006 1007
232 1052 1956 1957
233 192 1964 1965
234 1175 2762 2763
235 400 46 47
236 1254 88 89
237 497 2832 2833
238 720 3110 3111
239 1274 110 111
240 1723 1748 1749
241 764 2060 2061
242 489 1834 1835
243 1990 3114 3115
244 790 358 359
245 306 1782 1783
246 1018 2192 2193
247 404 3222 3223
248 1498 3476 3477
249 1854 3904 3905
250 922 888 889
251 178 3622 3623
252 1598 3940 3941
253 1476 3168 3169
254 30 3418 3419
255 1789 2920 2921
256 1263 686 687
257 1762 3056 3057
258 753 3008 3009
259 804 3412 3413
260 1040 2388 2389
261 65 1270 1271
262 71 2860 2861
263 1606 622 623
264 1514 2120 2121
265 1953 2686 2687
266 1497 664 665
267 437 3066 3067
268 1398 1500 1501
269 1441 1092 1093
270 1654 914 915
271 323 734 735
272 312 3440 3441
273 736 2766 2767
274 1388 102 103
275 1442 656 657
276 1884 3050 3051
277 1947 766 767
278 690 1048 1049
279 1132 3126 3127
280 1211 1106 1107
281 973 3660 3661
282 70 3422 3423
283 503 3616 3617
284 807 3072 3073
285 1402 1918 1919
286 251 3620 3621
287 1757 1576 1577
288 672 3538 3539
289 800 424 425
290 381 2814 2815
291 1694 2022 2023
292 96 1922 1923
293 1874 2396 2397
294 14 3684 3685
295 813 534 535
296 390 1514 1515
297 1367 472 473
298 743 1888 1889
299 611 2078 2079
300 1795 1850 1851
301 252 3938 3939
302 214 1610 1611
303 1630 1238 1239
304 79 3334 3335
305 610 284 285
306 1392 1784 1785
307 881 198 199
308 1168 3300 3301
309 1589 3324 3325
310 1830 648 649
311 369 1860 1861
312 1267 3442 3443
313 1030 442 443
314 573 106 107
315 986 668 669
316 905 1496 1497
317 1807 2602 2603
318 849 1034 1035
319 261 1268 1269
320 1153 386 387
321 1197 2338 2339
322 1159 1658 1659
323 1196 736 737
324 1820 2908 2909
325 940 1718 1719
326 1333 1312 1313
327 1756 1188 1189
328 1464 776 777
329 897 2654 2655
330 493 3910 3911
331 199 1350 1351
332 1616 2710 2711
333 1307 1584 1585
334 1450 1934 1935
335 1131 2574 2575
336 1511 938 939
337 1683 2506 2507
338 1080 632 633
339 1898 2364 2365
340 1958 1484 1485
341 439 2750 2751
342 1585 2038 2039
343 845 1968 1969
344 1233 1078 1079
345 19 3230 3231
346 351 2902 2903
347 1714 3320 3321
348 1185 3776 3777
349 131 2188 2189
350 1347 3548 3549
351 1311 2904 2905
352 342 2036 2037
353 1059 94 95
354 1121 604 605
355 942 2462 2463
356 1174 1128 1129
357 981 2536 2537
358 1893 2634 2635
359 1391 2106 2107
360 428 2680 2681
361 1879 966 967
362 1428 2664 2665
363 476 1384 1385
364 659 1324 1325
365 427 3118 3119
366 1917 304 305
367 270 912 913
368 916 3156 3157
369 185 1862 1863
370 1206 3162 3163
371 1380 2074 2075
372 453 508 509
373 1230 3816 3817
374 1911 58 59
375 1758 184 185
376 189 3732 3733
377 267 3064 3065
378 356 1126 1127
379 996 2474 2475
380 1960 2232 2233
381 1091 2816 2817
382 465 1776 1777
383 377 3062 3063
384 1991 2590 2591
385 1945 180 181
386 1095 3560 3561
387 564 1530 1531
388 1855 1524 1525
389 18 118 119
390 1456 1516 1517
391 1832 334 335
392 895 3270 3271
393 1941 1544 1545
394 234 2760 2761
395 347 3318 3319
396 1965 3366 3367
397 697 1762 1763
398 1961 322 323
399 462 290 291
400 100 48 49
401 712 3148 3149
402 248 3474 3475
403 1228 2486 2487
404 860 3224 3225
405 1915 3964 3965
406 93 20 21
407 485 380 381
408 597 3568 3569
409 1541 2520 2521
410 475 500 501
411 875 2250 2251
412 803 970 971
413 1564 1994 1995
414 1232 934 935
415 213 2154 2155
416 26 3238 3239
417 253 3166 3167
418 34 208 209
419 974 1986 1987
420 320 384 385
421 1959 2202 2203
422 540 458 459
423 1107 802 803
424 95 3694 3695
425 408 3566 3567
426 1243 194 195
427 163 3120 3121
428 1386 2682 2683
429 821 1700 1701
430 1833 1456 1457
431 165 3200 3201
432 405 3962 3963
433 1819 3288 3289
434 1584 3098 3099
435 1054 1000 1001
436 924 760 761
437 1072 3068 3069
438 1858 2458 2459
439 17 2752 2753
440 1152 3344 3345
441 1755 1362 1363
442 530 1334 1335
443 1181 2610 2611
444 1545 782 783
445 754 1946 1947
446 735 1210 1211
447 1459 1342 1343
448 1272 996 997
449 57 608 609
450 1383 3516 3517
451 1567 2738 2739
452 1440 788 789
453 1566 510 511
454 1877 644 645
455 1350 258 259
456 429 1698 1699
457 1666 2898 2899
458 941 1800 1801
459 1687 3216 3217
460 759 3494 3495
461 194 226 227
462 1691 292 293
463 84 858 859
464 1535 3930 3931
465 1231 1778 1779
466 1865 988 989
467 1295 1674 1675
468 667 2500 2501
469 1843 2996 2997
470 215 3828 3829
471 1296 480 481
472 576 2786 2787
473 969 900 901
474 689 3046 3047
475 1083 502 503
476 1066 1386 1387
477 656 3554 3555
478 1326 3984 3985
479 773 808 809
480 677 1952 1953
481 1644 2892 2893
482 1839 3672 3673
483 722 3480 3481
484 758 2308 2309
485 420 382 383
486 932 1392 1393
487 1826 1468 1469
488 1090 1412 1413
489 135 1836 1837
490 885 1098 1099
491 1361 1930 1931
492 73 3278 3279
493 906 3912 3913
494 198 3800 3801
495 325 1716 1717
496 1193 1590 1591
497 848 2834 2835
498 1013 222 223
499 1731 3756 3757
500 692 706 707
501 621 2730 2731
502 921 2334 2335
503 286 3618 3619
504 1930 3396 3397
505 1547 638 639
506 578 1636 1637
507 399 288 289
508 1370 3258 3259
509 1471 28 29
510 61 2626 2627
511 1705 956 957
512 1161 3274 3275
513 53 1568 1569
514 575 1602 1603
515 1275 3246 3247
516 1883 1148 1149
517 838 408 409
518 839 1274 1275
519 1633 2494 2495
520 1461 2012 2013
521 1207 3728 3729
522 1660 392 393
523 1110 3408 3409
524 1180 1912 1913
525 1277 930 931
526 1769 3430 3431
527 1468 70 71
528 1156 3250 3251
529 782 2132 2133
530 691 1336 1337
531 1597 2216 2217
532 1909 2116 2117
533 1656 750 751
534 632 3380 3381
535 1962 1132 1133
536 403 2484 2485
537 613 3742 3743
538 1241 2170 2171
539 1864 922 923
540 1531 460 461
541 494 3798 3799
542 1873 368 369
543 205 1180 1181
544 83 2556 2557
545 126 2316 2317
546 1779 2888 2889
547 1582 2422 2423
548 668 1872 1873
549 29 2142 2143
550 1792 2158 2159
551 335 2572 2573
552 723 3508 3509
553 1186 2790 2791
554 1220 2828 2829
555 1050 1756 1757
556 271 732 733
557 926 3878 3879
558 589 1900 1901
559 858 552 553
560 186 2270 2271
561 410 498 499
562 455 256 257
563 279 3124 3125
564 771 1532 1533
565 1850 1618 1619
566 857 2638 2639
567 967 992 993
568 1335 3328 3329
569 700 3304 3305
570 1842 3764 3765
571 1410 612 613
572 141 1842 1843
573 239 108 109
574 738 3488 3489
575 46 1604 1605
576 553 2788 2789
577 1998 1972 1973
578 1216 1638 1639
579 1191 2668 2669
580 1349 1892 1893
581 847 2744 2745
582 161 310 311
583 1943 1682 1683
584 998 3340 3341
585 634 1244 1245
586 1871 1292 1293
587 249 3902 3903
588 242 1832 1833
589 1982 1902 1903
590 1268 756 757
591 479 806 807
592 1308 2174 2175
593 1862 2372 2373
594 544 2554 2555
595 1237 1480 1481
596 527 68 69
597 728 3570 3571
598 585 1242 1243
599 152 1632 1633
600 1794 586 587
601 454 642 643
602 908 3610 3611
603 1082 454 455
604 1999 1810 1811
605 227 794 795
606 290 2812 2813
607 263 620 621
608 180 3652 3653
609 478 3982 3983
610 507 286 287
611 752 2080 2081
612 1390 1226 1227
613 55 3744 3745
614 810 2266 2267
615 181 1066 1067
616 1429 2000 2001
617 487 1466 1467
618 1395 2416 2417
619 893 724 725
620 40 3312 3313
621 1483 2732 2733
622 1851 2440 2441
623 1611 2468 2469
624 1922 3526 3527
625 7 1030 1031
626 1639 2236 2237
627 1553 1196 1197
628 891 246 247
629 1352 84 85
630 1840 1510 1511
631 1234 1880 1881
632 1828 3382 3383
633 1619 1724 1725
634 143 1246 1247
635 274 100 101
636 1875 3522 3523
637 1569 1710 1711
638 850 3284 3285
639 612 1224 1225
640 1590 1038 1039
641 1225 3038 3039
642 1621 1396 1397
643 1033 2480 2481
644 1116 1052 1053
645 1039 2932 2933
646 348 3774 3775
647 1715 414 415
648 1699 1668 1669
649 338 630 631
650 547 2420 2421
651 1506 3210 3211
652 171 272 273
653 397 1760 1761
654 605 792 793
655 1881 492 493
656 1460 3556 3557
657 1224 1112 1113
658 464 3928 3929
659 802 1326 1327
660 806 2444 2445
661 1403 1402 1403
662 1764 1448 1449
663 42 2226 2227
664 1746 3016 3017
665 1011 2260 2261
666 118 952 953
667 1049 2502 2503
668 1143 1874 1875
669 1806 3748 3749
670 220 1426 1427
671 1176 1378 1379
672 1647 3540 3541
673 241 2058 2059
674 1670 744 745
675 302 1608 1609
676 1087 2824 2825
677 232 1954 1955
678 534 3378 3379
679 1432 1218 1219
680 959 3990 3991
681 219 3012 3013
682 1521 1444 1445
683 524 1910 1911
684 1382 3020 3021
685 1128 3688 3689
686 1316 3350 3351
687 717 2150 2151
688 1744 448 449
689 276 3048 3049
690 644 1050 1051
691 1368 1338 1339
692 1923 708 709
693 148 1626 1627
694 1929 1560 1561
695 1431 2756 2757
696 1969 2620 2621
697 874 1764 1765
698 1381 3132 3133
699 87 1088 1089
700 1580 3306 3307
701 1009 3934 3935
702 596 66 67
703 1576 1286 1287
704 956 1250 1251
705 898 1430 1431
706 1117 2782 2783
707 1551 2048 2049
708 657 1110 1111
709 1890 2164 2165
710 1354 2346 2347
711 486 1390 1391
712 923 3150 3151
713 1348 1408 1409
714 539 920 921
715 1635 1548 1549
716 1149 1816 1817
717 415 2152 2153
718 1204 680 681
719 1716 2560 2561
720 243 3112 3113
721 1891 1316 1317
722 1608 3482 3483
723 1035 3510 3511
724 687 2148 2149
725 1362 1868 1869
726 1672 2800 2801
727 930 974 975
728 1899 3572 3573
729 1972 3450 3451
730 763 2428 2429
731 470 3826 3827
732 1849 540 541
733 1787 2436 2437
734 283 3614 3615
735 1808 1212 1213
736 1480 2768 2769
737 1888 716 717
738 188 3490 3491
739 977 3402 3403
740 1599 1694 1695
741 142 2870 2871
742 679 1216 1217
743 580 1890 1891
744 1292 3808 3809
745 1516 174 175
746 1902 2646 2647
747 1270 892 893
748 204 3892 3893
749 442 1332 1333
750 616 1998 1999
751 980 2206 2207
752 1668 2082 2083
753 681 3010 3011
754 16 1948 1949
755 1586 2606 2607
756 122 712 713
757 1244 328 329
758 1190 2310 2311
759 1951 3496 3497
760 1075 700 701
761 260 2386 2387
762 1187 1172 1173
763 1937 2430 2431
764 832 2062 2063
765 426 192 193
766 1894 2524 2525
767 39 840 841
768 63 2698 2699
769 1094 3636 3637
770 1823 1434 1435
771 191 1534 1535
772 1376 1960 1961
773 200 810 811
774 740 1692 1693
775 865 2940 2941
776 1725 3588 3589
777 468 2498 2499
778 349 2186 2187
779 62 2960 2961
780 431 3198 3199
781 452 786 787
782 20 2134 2135
783 1675 1652 1653
784 330 3908 3909
785 484 2306 2307
786 298 1886 1887
787 710 2344 2345
788 1474 3362 3363
789 445 1944 1945
790 1201 360 361
791 1124 2876 2877
792 1416 3916 3917
793 920 3970 3971
794 545 2314 2315
795 1360 2936 2937
796 116 2454 2455
797 1026 3294 3295
798 852 2578 2579
799 1604 908 909
800 1252 426 427
801 1487 434 435
802 99 1328 1329
803 727 972 973
804 1695 3414 3415
805 183 250 251
806 1246 2446 2447
807 1773 3074 3075
808 1954 832 833
809 919 3700 3701
810 560 2268 2269
811 818 2278 2279
812 1524 2694 2695
813 1603 536 537
814 391 332 333
815 195 3712 3713
816 1002 476 477
817 1042 582 583
818 879 2280 2281
819 1554 3632 3633
820 1634 1152 1153
821 1838 1702 1703
822 378 1124 1125
823 1314 3924 3925
824 574 3486 3487
825 1249 2532 2533
826 363 1382 1383
827 477 3552 3553
828 628 244 245
829 258 3006 3007
830 1578 520 521
831 41 578 579
832 1435 2064 2065
833 1824 340 341
834 746 2644 2645
835 938 296 297
836 562 254 255
837 1751 1416 1417
838 1067 410 411
839 1290 1276 1277
840 793 3968 3969
841 450 3514 3515
842 459 3214 3215
843 1029 548 549
844 1266 2288 2289
845 577 1970 1971
846 9 2914 2915
847 1470 2746 2747
848 1041 2836 2837
849 640 1036 1037
850 433 3286 3287
851 811 2276 2277
852 1439 2580 2581
853 1980 1490 1491
854 1358 2596 2597
855 859 1688 1689
856 1321 3822 3823
857 1092 2640 2641
858 170 554 555
859 774 1690 1691
860 112 3226 3227
861 364 1322 1323
862 395 3316 3317
863 1085 1116 1117
864 526 3428 3429
865 1313 2942 2943
866 1594 944 945
867 1106 3676 3677
868 1901 2866 2867
869 1908 1370 1371
870 1801 824 825
871 1659 402 403
872 466 986 987
873 1848 3788 3789
874 1303 1766 1767
875 3 2252 2253
876 815 3710 3711
877 190 3500 3501
878 508 3256 3257
879 1933 2282 2283
880 724 2146 2147
881 108 200 201
882 1669 3086 3087
883 984 848 849
884 1860 2514 2515
885 92 1100 1101
886 1486 1614 1615
887 608 3650 3651
888 1934 2368 2369
889 370 3160 3161
890 1127 1976 1977
891 805 248 249
892 1662 1298 1299
893 1846 726 727
894 1436 1854 1855
895 512 3272 3273
896 1363 1598 1599
897 4 2656 2657
898 770 1432 1433
899 1415 2292 2293
900 1287 344 345
901 696 2618 2619
902 136 2410 2411
903 1338 376 377
904 1995 218 219
905 268 1498 1499
906 792 3914 3915
907 1328 1982 1983
908 734 3612 3613
909 716 1814 1815
910 1491 1646 1647
911 1872 1062 1063
912 787 2342 2343
913 868 2864 2865
914 1508 2100 2101
915 682 1442 1443
916 889 3158 3159
917 130 2964 2965
918 1015 3580 3581
919 1060 3702 3703
920 1904 3972 3973
921 321 2336 2337
922 747 890 891
923 169 3152 3153
924 960 762 763
925 1859 3804 3805
926 1182 3880 3881
927 322 1656 1657
928 389 116 117
929 221 652 653
930 1818 976 977
931 639 1222 1223
932 642 1394 1395
933 1393 1164 1165
934 388 1522 1523
935 870 822 823
936 1650 2138 2139
937 1866 3846 3847
938 1708 298 299
939 358 2632 2633
940 1528 1720 1721
941 1811 1802 1803
942 1047 2464 2465
943 120 2350 2351
944 1178 3354 3355
945 1341 1074 1075
946 1069 3950 3951
947 676 2822 2823
948 1462 904 905
949 1413 1752 1753
950 1240 280 281
951 1956 3454 3455
952 114 3594 3595
953 1119 592 593
954 531 2214 2215
955 1242 1806 1807
956 1412 1252 1253
957 398 320 321
958 673 2056 2057
959 1229 3992 3993
960 277 764 765
961 1444 3976 3977
962 1903 3078 3079
963 637 1708 1709
964 156 204 205
965 316 1494 1495
966 999 52 53
967 448 994 995
968 89 158 159
969 948 902 903
970 1136 3190 3191
971 1286 230 231
972 713 1406 1407
973 113 3662 3663
974 1396 1988 1989
975 915 1440 1441
976 1920 2586 2587
977 228 3404 3405
978 432 3960 3961
979 1926 3598 3599
980 1122 2208 2209
981 1931 2538 2539
982 21 42 43
983 823 3922 3923
984 1394 850 851
985 1861 140 141
986 76 670 671
987 517 406 407
988 1384 2008 2009
989 210 1056 1057
990 822 1122 1123
991 1235 2854 2855
992 1443 2490 2491
993 332 2708 2709
994 546 2886 2887
995 1703 3768 3769
996 1406 2476 2477
997 1722 1790 1791
998 440 3342 3343
999 35 54 55
1000 128 3142 3143
1001 581 2742 2743
1002 471 478 479
1003 1163 2322 2323
1004 1914 1204 1205
1005 505 636 637
1006 424 3692 3693
1007 1510 2842 2843
1008 707 2046 2047
1009 301 3936 3937
1010 1364 316 317
1011 1550 2262 2263
1012 81 352 353
1013 461 224 225
1014 491 1928 1929
1015 1369 3582 3583
1016 896 1596 1597
1017 173 236 237
1018 1653 2194 2195
1019 761 2384 2385
1020 1967 1012 1013
1021 1032 3628 3629
1022 153 1822 1823
1023 914 2098 2099
1024 1677 1738 1739
1025 645 2930 2931
1026 1678 3296 3297
1027 490 1096 1097
1028 590 754 755
1029 559 550 551
1030 1735 444 445
1031 1791 1192 1193
1032 819 3630 3631
1033 536 2482 2483
1034 1638 1260 1261
1035 841 3512 3513
1036 1076 828 829
1037 515 3244 3245
1038 434 3096 3097
1039 795 2934 2935
1040 1141 2390 2391
1041 47 2838 2839
1042 600 584 585
1043 240 1746 1747
1044 354 602 603
1045 48 896 897
1046 1520 3102 3103
1047 623 2466 2467
1048 1200 3760 3761
1049 337 2504 2505
1050 653 1758 1759
1051 1685 2298 2299
1052 772 1958 1959
1053 137 814 815
1054 211 1002 1003
1055 1319 3606 3607
1056 208 980 981
1057 630 1508 1509
1058 649 628 629
1059 1089 96 97
1060 1084 3704 3705
1061 80 276 277
1062 1900 854 855
1063 1719 3458 3459
1064 1101 872 873
1065 1081 3544 3545
1066 711 1388 1389
1067 647 412 413
1068 1783 3792 3793
1069 1600 3952 3953
1070 387 1528 1529
1071 620 3310 3311
1072 284 3070 3071
1073 733 2434 2435
1074 280 1104 1105
1075 1771 702 703
1076 808 830 831
1077 1264 1728 1729
1078 831 576 577
1079 1921 2088 2089
1080 1005 634 635
1081 350 3546 3547
1082 422 456 457
1083 1966 504 505
1084 1330 3706 3707
1085 1284 1118 1119
1086 1942 1664 1665
1087 554 2826 2827
1088 791 2874 2875
1089 635 98 99
1090 837 1414 1415
1091 1281 2818 2819
1092 834 2642 2643
1093 1706 2550 2551
1094 1974 3638 3639
1095 1737 3562 3563
1096 1766 3532 3533
1097 801 432 433
1098 469 2994 2995
1099 1720 1846 1847
1100 1702 1044 1045
1101 1897 874 875
1102 1613 2244 2245
1103 1689 2970 2971
1104 255 2918 2919
1105 1667 868 869
1106 1148 3678 3679
1107 591 804 805
1108 1623 1308 1309
1109 97 3194 3195
1110 259 3410 3411
1111 1799 690 691
1112 5 3176 3177
1113 666 950 951
1114 1137 1264 1265
1115 1572 770 771
1116 989 1054 1055
1117 472 2784 2785
1118 762 1170 1171
1119 1238 594 595
1120 883 846 847
1121 449 606 607
1122 1482 2210 2211
1123 1400 34 35
1124 1294 2878 2879
1125 50 598 599
1126 257 3054 3055
1127 1192 1978 1979
1128 1006 3690 3691
1129 88 3866 3867
1130 516 1146 1147
1131 798 2576 2577
1132 1809 3128 3129
1133 1021 3626 3627
1134 1130 1144 1145
1135 557 3876 3877
1136 1109 3192 3193
1137 319 1266 1267
1138 532 2114 2115
1139 1857 2982 2983
1140 457 2896 2897
1141 145 2392 2393
1142 1466 514 515
1143 1637 1876 1877
1144 1583 80 81
1145 1269 486 487
1146 911 1060 1061
1147 1698 3042 3043
1148 127 3680 3681
1149 1574 1818 1819
1150 646 3772 3773
1151 11 3002 3003
1152 1562 3346 3347
1153 1631 388 389
1154 51 740 741
1155 1749 3092 3093
1156 175 3252 3253
1157 1194 3646 3647
1158 1408 2808 2809
1159 1532 1660 1661
1160 1605 2052 2053
1161 492 3276 3277
1162 1913 1580 1581
1163 1493 2324 2325
1164 430 1454 1455
1165 1096 3530 3531
1166 1205 2004 2005
1167 1709 962 963
1168 569 3302 3303
1169 1481 526 527
1170 1987 134 135
1171 1770 3956 3957
1172 107 2724 2725
1173 1139 2980 2981
1174 535 1130 1131
1175 273 2764 2765
1176 826 1380 1381
1177 366 302 303
1178 1385 3356 3357
1179 994 2884 2885
1180 1759 1914 1915
1181 111 2612 2613
1182 1827 3882 3883
1183 209 4 5
1184 1538 12 13
1185 1502 3778 3779
1186 1451 2792 2793
1187 223 1174 1175
1188 1592 926 927
1189 1239 3028 3029
1190 794 2312 2313
1191 121 2670 2671
1192 907 1980 1981
1193 1984 1592 1593
1194 887 3648 3649
1195 226 1020 1021
1196 1154 738 739
1197 912 2340 2341
1198 809 3698 3699
1199 1682 2528 2529
1200 570 3762 3763
1201 1918 362 363
1202 1010 314 315
1203 1815 1678 1679
1204 1305 682 683
1205 988 2006 2007
1206 417 3164 3165
1207 376 3730 3731
1208 160 240 241
1209 678 3376 3377
1210 1318 3812 3813
1211 708 1108 1109
1212 952 3592 3593
1213 102 3860 3861
1214 918 3578 3579
1215 588 1830 1831
1216 1452 1640 1641
1217 401 3146 3147
1218 903 374 375
1219 1596 3944 3945
1220 237 2830 2831
1221 1255 3668 3669
1222 757 326 327
1223 618 2414 2415
1224 863 1114 1115
1225 1147 3040 3041
1226 402 3472 3473
1227 86 562 563
1228 992 2488 2489
1229 1992 3994 3995
1230 1802 3818 3819
1231 245 1780 1781
1232 336 936 937
1233 1518 1080 1081
1234 129 1882 1883
1235 1539 2856 2857
1236 625 1028 1029
1237 340 1482 1483
1238 1125 596 597
1239 1438 3030 3031
1240 305 282 283
1241 592 2172 2173
1242 604 1808 1809
1243 307 196 197
1244 814 330 331
1245 543 1178 1179
1246 1515 2448 2449
1247 991 2852 2853
1248 32 818 819
1249 357 2534 2535
1250 423 800 801
1251 1315 2124 2125
1252 1919 428 429
1253 1489 2990 2991
1254 1325 90 91
1255 482 3670 3671
1256 1612 2846 2847
1257 288 3536 3537
1258 603 452 453
1259 446 1208 1209
1260 739 3400 3401
1261 383 3060 3061
1262 328 774 775
1263 1111 688 689
1264 140 1730 1731
1265 1785 3602 3603
1266 899 2290 2291
1267 1692 3444 3445
1268 436 758 759
1269 1853 488 489
1270 1045 894 895
1271 854 2594 2595
1272 435 998 999
1273 726 2798 2799
1274 167 112 113
1275 528 3248 3249
1276 1648 3234 3235
1277 414 932 933
1278 670 1424 1425
1279 1928 2182 2183
1280 238 3108 3109
1281 947 2820 2821
1282 993 2706 2707
1283 1643 1940 1941
1284 990 1120 1121
1285 1636 126 127
1286 1775 232 233
1287 82 346 347
1288 1882 162 163
1289 1803 3184 3185
1290 1655 1278 1279
1291 1777 1460 1461
1292 1210 3810 3811
1293 853 1488 1489
1294 1320 2880 2881
1295 1203 1676 1677
1296 38 482 483
1297 1250 798 799
1298 247 3220 3221
1299 1519 566 567
1300 1983 2400 2401
1301 78 268 269
1302 1625 1572 1573
1303 1721 1768 1769
1304 1657 3854 3855
1305 256 684 685
1306 533 748 749
1307 1712 1586 1587
1308 24 2176 2177
1309 665 2258 2259
1310 1322 2406 2407
1311 324 2906 2907
1312 133 3024 3025
1313 91 2944 2945
1314 658 3926 3927
1315 1537 2126 2127
1316 944 3352 3353
1317 1377 3206 3207
1318 373 3814 3815
1319 602 3608 3609
1320 1179 2882 2883
1321 731 3824 3825
1322 902 2408 2409
1323 671 1376 1377
1324 937 3844 3845
1325 353 92 93
1326 172 3986 3987
1327 538 2168 2169
1328 419 1984 1985
1329 1651 152 153
1330 876 3708 3709
1331 904 216 217
1332 551 2570 2571
1333 721 1314 1315
1334 1446 1160 1161
1335 94 3330 3331
1336 1420 2954 2955
1337 117 1234 1235
1338 407 378 379
1339 1057 1506 1507
1340 1236 1026 1027
1341 344 1076 1077
1342 22 878 879
1343 413 1992 1993
1344 1371 3466 3467
1345 521 3726 3727
1346 1332 2568 2569
1347 827 3550 3551
1348 488 1410 1411
1349 1940 1894 1895
1350 1512 260 261
1351 495 1714 1715
1352 236 86 87
1353 1649 676 677
1354 943 2348 2349
1355 409 2518 2519
1356 663 2224 2225
1357 873 3786 3787
1358 155 2598 2599
1359 98 1734 1735
1360 775 2938 2939
1361 334 1932 1933
1362 548 1870 1871
1363 514 1600 1601
1364 957 318 319
1365 699 1086 1087
1366 1975 3720 3721
1367 816 474 475
1368 447 1340 1341
1369 1870 3584 3585
1370 1968 3260 3261
1371 1772 3468 3469
1372 499 3754 3755
1373 970 3188 3189
1374 1739 2718 2719
1375 1387 1420 1421
1376 233 1962 1963
1377 651 3208 3209
1378 1663 2986 2987
1379 266 662 663
1380 299 2076 2077
1381 1734 3134 3135
1382 1312 3022 3023
1383 10 3518 3519
1384 520 2010 2011
1385 54 3358 3359
1386 265 2684 2685
1387 1278 1422 1423
1388 314 104 105
1389 1467 418 419
1390 1733 1228 1229
1391 67 2108 2109
1392 176 1786 1787
1393 1523 1166 1167
1394 1062 852 853
1395 650 2418 2419
1396 1343 1990 1991
1397 1876 572 573
1398 1503 1502 1503
1399 1317 3204 3205
1400 1724 36 37
1401 1247 2850 2851
1402 292 1920 1921
1403 972 1404 1405
1404 1365 1084 1085
1405 1138 2112 2113
1406 643 2478 2479
1407 1105 866 867
1408 606 2810 2811
1409 767 838 839
1410 124 614 615
1411 1494 396 397
1412 1781 1254 1255
1413 555 1754 1755
1414 541 3796 3797
1415 1805 2294 2295
1416 1710 3918 3919
1417 1624 2676 2677
1418 1337 1232 1233
1419 1573 1184 1185
1420 1817 2956 2957
1421 552 3506 3507
1422 1889 2774 2775
1423 1134 1142 1143
1424 331 1348 1349
1425 52 2702 2703
1426 168 2354 2355
1427 1955 144 145
1428 579 2666 2667
1429 1166 2002 2003
1430 1812 466 467
1431 394 2758 2759
1432 931 1220 1221
1433 609 3980 3981
1434 59 2974 2975
1435 1492 2066 2067
1436 224 1856 1857
1437 1304 3852 3853
1438 1776 3032 3033
1439 1924 2582 2583
1440 654 790 791
1441 1027 1094 1095
1442 1700 658 659
1443 519 2492 2493
1444 1433 3978 3979
1445 1058 626 627
1446 933 1162 1163
1447 1397 570 571
1448 184 882 883
1449 1195 1018 1019
1450 1763 1936 1937
1451 1536 2794 2795
1452 164 1642 1643
1453 1957 1796 1797
1454 892 1296 1297
1455 1213 3858 3859
1456 1963 1518 1519
1457 586 1290 1291
1458 1571 3656 3657
1459 1976 1344 1345
1460 386 3558 3559
1461 1488 2014 2015
1462 799 906 907
1463 953 590 591
1464 1880 778 779
1465 599 1630 1631
1466 1717 516 517
1467 1544 420 421
1468 1774 72 73
1469 1829 694 695
1470 341 2748 2749
1471 1970 30 31
1472 1340 1024 1025
1473 1563 2360 2361
1474 396 3364 3365
1475 703 1284 1285
1476 1517 3170 3171
1477 843 546 547
1478 638 3282 3283
1479 1912 170 171
1480 1971 2770 2771
1481 1628 528 529
1482 954 2212 2213
1483 90 2734 2735
1484 1437 3850 3851
1485 382 1774 1775
1486 565 1616 1617
1487 31 436 437
1488 1747 2016 2017
1489 1098 2992 2993
1490 406 18 19
1491 1713 1648 1649
1492 1509 2068 2069
1493 27 2326 2327
1494 1925 398 399
1495 206 1906 1907
1496 1215 1828 1829
1497 315 666 667
1498 483 3478 3479
1499 1736 3264 3265
1500 1135 3874 3875
1501 509 26 27
1502 1575 3780 3781
1503 1339 1504 1505
1504 1103 2968 2969
1505 1479 168 169
1506 842 3212 3213
1507 796 2452 2453
1508 1513 2102 2103
1509 1906 2070 2071
1510 1256 2844 2845
1511 1778 940 941
1512 1985 262 263
1513 359 2104 2105
1514 1251 2122 2123
1515 1507 2450 2451
1516 1788 176 177
1517 1676 3172 3173
1518 1404 1082 1083
1519 1447 568 569
1520 230 3104 3105
1521 662 1446 1447
1522 1496 1826 1827
1523 1118 1168 1169
1524 768 2696 2697
1525 1704 1556 1557
1526 595 1478 1479
1527 833 338 339
1528 633 1722 1723
1529 295 532 533
1530 291 2020 2021
1531 1796 462 463
1532 1086 1662 1663
1533 1546 2330 2331
1534 1167 960 961
1535 701 3932 3933
1536 1273 2796 2797
1537 1986 2128 2129
1538 1548 14 15
1539 262 2858 2859
1540 748 3890 3891
1541 766 2522 2523
1542 1632 2030 2031
1543 72 2378 2379
1544 289 422 423
1545 781 784 785
1546 502 2332 2333
1547 601 640 641
1548 1490 16 17
1549 197 148 149
1550 614 2264 2265
1551 1160 2050 2051
1552 561 496 497
1553 225 1198 1199
1554 769 3634 3635
1555 379 2472 2473
1556 1886 1540 1541
1557 693 1624 1625
1558 1113 948 949
1559 1501 24 25
1560 1814 2714 2715
1561 1102 2242 2243
1562 686 3348 3349
1563 339 2362 2363
1564 750 1996 1997
1565 1579 1354 1355
1566 1142 512 513
1567 1001 2740 2741
1568 25 1136 1137
1569 1351 1712 1713
1570 380 2230 2231
1571 281 3658 3659
1572 1262 772 773
1573 327 1186 1187
1574 1022 1820 1821
1575 1907 3782 3783
1576 1457 1288 1289
1577 1835 3370 3371
1578 12 522 523
1579 1989 1356 1357
1580 1071 3308 3309
1581 1023 2096 2097
1582 1610 2424 2425
1583 629 82 83
1584 1046 3100 3101
1585 77 2040 2041
1586 443 2608 2609
1587 846 2912 2913
1588 844 2286 2287
1589 568 3326 3327
1590 1822 1040 1041
1591 1475 1282 1283
1592 525 928 929
1593 329 2652 2653
1594 1558 946 947
1595 1743 3388 3389
1596 1896 3946 3947
1597 159 2218 2219
1598 1219 3942 3943
1599 456 1696 1697
1600 1171 3954 3955
1601 1738 3642 3643
1602 1964 3716 3717
1603 732 538 539
1604 367 910 911
1605 958 2054 2055
1606 1445 624 625
1607 1681 62 63
1608 824 3484 3485
1609 537 3740 3741
1610 730 2426 2427
1611 1555 2470 2471
1612 1401 2848 2849
1613 1993 2246 2247
1614 1173 2978 2979
1615 872 984 985
1616 1560 2712 2713
1617 1711 2924 2925
1618 619 722 723
1619 1077 1726 1727
1620 1561 2240 2241
1621 132 1398 1399
1622 1421 3504 3505
1623 326 1310 1311
1624 360 2678 2679
1625 287 1574 1575
1626 1324 3842 3843
1627 869 1368 1369
1628 1529 530 531
1629 1627 1366 1367
1630 598 1240 1241
1631 522 390 391
1632 1641 2032 2033
1633 777 2496 2497
1634 1793 1154 1155
1635 60 1550 1551
1636 1938 128 129
1637 631 1878 1879
1638 1114 1262 1263
1639 1620 2238 2239
1640 313 440 441
1641 352 2034 2035
1642 1003 2320 2321
1643 789 1942 1943
1644 1140 2894 2895
1645 1595 3386 3387
1646 864 3426 3427
1647 1065 3542 3543
1648 416 3236 3237
1649 718 678 679
1650 549 2140 2141
1651 64 154 155
1652 1609 3738 3739
1653 1697 2196 2197
1654 104 916 917
1655 1591 1280 1281
1656 1028 752 753
1657 1455 3856 3857
1658 297 470 471
1659 987 404 405
1660 1411 394 395
1661 1331 214 215
1662 36 1300 1301
1663 1253 2988 2989
1664 1525 1554 1555
1665 1948 2542 2543
1666 346 2900 2901
1667 1064 870 871
1668 1844 2084 2085
1669 1847 3088 3089
1670 1306 746 747
1671 765 190 191
1672 1977 2802 2803
1673 1323 1374 1375
1674 1557 1622 1623
1675 927 1654 1655
1676 1112 3174 3175
1677 1994 1740 1741
1678 308 3298 3299
1679 1593 2650 2651
1680 1754 3138 3139
1681 702 64 65
1682 825 2530 2531
1683 69 2508 2509
1684 1336 2952 2953
1685 1728 2300 2301
1686 884 2512 2513
1687 1298 3218 3219
1688 1684 2950 2951
1689 1434 2972 2973
1690 1170 132 133
1691 835 294 295
1692 58 3446 3447
1693 1221 3666 3667
1694 1834 2024 2025
1695 254 3416 3417
1696 441 1360 1361
1697 134 2198 2199
1698 474 3044 3045
1699 1745 1670 1671
1700 1379 660 661
1701 1025 2928 2929
1702 278 1046 1047
1703 1150 3770 3771
1704 694 1558 1559
1705 1534 958 959
1706 594 2552 2553
1707 103 3180 3181
1708 1177 300 301
1709 361 964 965
1710 983 3920 3921
1711 1701 2926 2927
1712 496 1588 1589
1713 783 1650 1651
1714 309 3322 3323
1715 1389 416 417
1716 1753 2562 2563
1717 830 518 519
1718 1671 188 189
1719 179 3460 3461
1720 300 1848 1849
1721 13 1770 1771
1722 1997 1792 1793
1723 949 1750 1751
1724 85 38 39
1725 1212 3590 3591
1726 1417 2674 2675
1727 504 3394 3395
1728 203 2302 2303
1729 1120 844 845
1730 244 356 357
1731 1048 3758 3759
1732 1543 2376 2377
1733 1418 1230 1231
1734 1680 3136 3137
1735 688 446 447
1736 1798 3266 3267
1737 425 3564 3565
1738 1157 3644 3645
1739 1813 2720 2721
1740 1334 1158 1159
1741 218 3434 3435
1742 272 3438 3439
1743 177 3390 3391
1744 1258 450 451
1745 467 1672 1673
1746 684 3018 3019
1747 1530 2018 2019
1748 1309 2256 2257
1749 1038 3094 3095
1750 115 8 9
1751 1375 1418 1419
1752 1661 212 213
1753 151 2564 2565
1754 1000 3140 3141
1755 1629 1364 1365
1756 1031 1190 1191
1757 1162 1578 1579
1758 1718 186 187
1759 285 1916 1917
1760 250 886 887
1761 1473 2358 2359
1762 1261 3058 3059
1763 1283 1938 1939
1764 74 1450 1451
1765 1218 372 373
1766 1257 3534 3535
1767 1869 3836 3837
1768 196 1472 1473
1769 1741 3432 3433
1770 978 3958 3959
1771 500 704 705
1772 1226 3470 3471
1773 962 3076 3077
1774 28 74 75
1775 1017 234 235
1776 1895 3034 3035
1777 1949 1462 1463
1778 866 942 943
1779 481 2890 2891
1780 1353 674 675
1781 49 1256 1257
1782 582 308 309
1783 1414 3794 3795
1784 139 2092 2093
1785 1055 3604 3605
1786 945 1072 1073
1787 622 2438 2439
1788 385 178 179
1789 1617 2922 2923
1790 1301 266 267
1791 627 1194 1195
1792 75 2160 2161
1793 1740 1156 1157
1794 1463 588 589
1795 894 1852 1853
1796 1430 464 465
1797 1932 1008 1009
1798 392 3268 3269
1799 1469 692 693
1800 1285 124 125
1801 1036 826 827
1802 856 3820 3821
1803 1373 3186 3187
1804 1856 3898 3899
1805 1051 2296 2297
1806 6 3750 3751
1807 755 2604 2605
1808 742 1214 1215
1809 698 3130 3131
1810 1344 3464 3465
1811 955 1804 1805
1812 1658 468 469
1813 1172 2722 2723
1814 1374 2716 2717
1815 583 1680 1681
1816 1014 1926 1927
1817 779 2958 2959
1818 1056 978 979
1819 1927 3290 3291
1820 1587 2910 2911
1821 975 1438 1439
1822 1100 1042 1043
1823 1821 1436 1437
1824 900 342 343
1825 1767 3834 3835
1826 1768 1470 1471
1827 33 3884 3885
1828 1645 3384 3385
1829 1996 696 697
1830 929 650 651
1831 1526 1476 1477
1832 1527 336 337
1833 1291 1458 1459
1834 1852 2026 2027
1835 212 3372 3373
1836 1012 350 351
1837 1151 3000 3001
1838 1905 1704 1705
1839 867 3674 3675
1840 296 1512 1513
1841 1652 3736 3737
1842 995 3766 3767
1843 1837 2998 2999
1844 1079 2086 2087
1845 1449 1016 1017
1846 123 728 729
1847 1155 3090 3091
1848 1068 3790 3791
1849 1988 542 543
1850 1674 1620 1621
1851 660 2442 2443
1852 1542 2028 2029
1853 655 490 491
1854 784 3906 3907
1855 1070 1526 1527
1856 587 3900 3901
1857 1378 2984 2985
1858 355 2460 2461
1859 744 3806 3807
1860 1355 2516 2517
1861 1427 142 143
1862 1732 2374 2375
1863 1129 3864 3865
1864 1188 924 925
1865 567 990 991
1866 1484 3848 3849
1867 725 1866 1867
1868 1279 2180 2181
1869 1936 3838 3839
1870 776 3586 3587
1871 1454 1294 1295
1872 615 1064 1065
1873 1765 370 371
1874 1300 2398 2399
1875 624 3524 3525
1876 1078 574 575
1877 310 646 647
1878 1786 1070 1071
1879 412 968 969
1880 444 780 781
1881 1552 494 495
1882 149 164 165
1883 820 1150 1151
1884 1126 3052 3053
1885 68 3082 3083
1886 393 1542 1543
1887 1356 2222 2223
1888 66 718 719
1889 154 2776 2777
1890 1327 2166 2167
1891 101 1318 1319
1892 109 558 559
1893 566 2636 2637
1894 1199 2526 2527
1895 641 3036 3037
1896 946 3948 3949
1897 1342 876 877
1898 888 2366 2367
1899 1978 3574 3575
1900 463 856 857
1901 741 2868 2869
1902 1679 2648 2649
1903 1885 3080 3081
1904 961 3974 3975
1905 963 1706 1707
1906 371 2072 2073
1907 1357 3784 3785
1908 1673 1372 1373
1909 264 2118 2119
1910 362 2662 2663
1911 1607 60 61
1912 745 172 173
1913 333 1582 1583
1914 1259 1206 1207
1915 840 3966 3967
1916 572 1840 1841
1917 1782 306 307
1918 207 364 365
1919 1097 430 431
1920 384 2588 2589
1921 1784 2090 2091
1922 1165 3528 3529
1923 756 710 711
1924 976 2584 2585
1925 871 400 401
1926 1265 3600 3601
1927 797 3292 3293
1928 778 2184 2185
1929 1979 1562 1563
1930 1260 3398 3399
1931 1665 2540 2541
1932 1020 1010 1011
1933 1588 2284 2285
1934 593 2370 2371
1935 1043 1744 1745
1936 1626 3840 3841
1937 1073 2432 2433
1938 1690 130 131
1939 1093 2548 2549
1940 44 1896 1897
1941 715 1546 1547
1942 648 1666 1667
1943 166 1684 1685
1944 901 2616 2617
1945 375 182 183
1946 1409 836 837
1947 1115 768 769
1948 158 2544 2545
1949 617 1464 1465
1950 706 2780 2781
1951 877 3498 3499
1952 1407 864 865
1953 202 2688 2689
1954 1946 834 835
1955 1549 146 147
1956 1063 3456 3457
1957 458 1798 1799
1958 1293 1486 1487
1959 751 2204 2205
1960 626 2234 2235
1961 1222 324 325
1962 1568 1134 1135
1963 934 1520 1521
1964 1366 3718 3719
1965 1577 3368 3369
1966 372 506 507
1967 1845 1014 1015
1968 1499 3262 3263
1969 125 2622 2623
1970 1123 32 33
1971 1422 2772 2773
1972 951 3452 3453
1973 1556 1538 1539
1974 1601 3640 3641
1975 105 3722 3723
1976 1424 1346 1347
1977 43 2804 2805
1978 1214 3576 3577
1979 37 1564 1565
1980 965 1492 1493
1981 1310 2404 2405
1982 1495 1904 1905
1983 1981 2402 2403
1984 1016 1594 1595
1985 1790 264 265
1986 529 2130 2131
1987 144 136 137
1988 1477 544 545
1989 1696 1358 1359
1990 365 3116 3117
1991 1271 2592 2593
1992 2000 3996 3997
1993 411 2248 2249
1994 1935 1742 1743
1995 498 220 221
1996 760 698 699
1997 1453 1794 1795
1998 890 1974 1975
1999 909 1812 1813
1
3997
