500 500
244 263 35069709 68191543
1 253 39217264 48887272
120 212 16268361 75372864
206 109 9746395 48318352
367 170 53157944 58826938
348 500 72832881 86006988
224 50 39767594 69088185
170 52 5316213 5950443
125 136 18027960 77604931
311 363 55198491 71337377
302 211 1267256 36151899
432 500 9700697 24960422
492 191 32659355 76858153
426 130 12452729 53244035
127 244 15934104 43287346
261 250 19230261 60765644
433 73 26131634 38802504
1 120 475711 78537413
1 328 1256730 33633498
325 97 38487363 46418652
185 94 48022268 74181028
307 10 21442769 39180373
166 284 55570805 71238745
191 331 43228210 62487354
157 500 1482025 29099440
1 107 44006220 75000975
1 11 30684667 64082488
1 332 12400838 65784862
1 198 5748438 38903634
432 19 69170172 78398502
188 500 24827008 71724204
251 252 6364913 17895573
135 274 24043570 68618523
331 141 68125579 77377699
227 4 12350610 72120431
394 500 64317107 84139262
1 189 15942737 38083232
247 388 7215734 44279211
388 169 15383126 64323475
401 175 23996185 58775125
453 371 23159317 75351810
411 500 44105403 60112117
497 143 39898590 47191875
1 500 34321178 79485735
387 220 68043415 77516413
1 183 25443079 54969875
1 103 34789274 73289376
471 19 2976110 33426743
107 320 43047658 55003151
233 500 4327607 59359988
311 174 12108731 12645079
1 246 19947712 55830714
449 374 3328357 36334498
261 242 55555648 86326770
144 141 14983760 41284689
136 150 40621542 75227223
108 500 31455257 42153794
374 127 24284121 48307447
173 96 78027165 86255060
184 218 17246031 26914661
177 78 14238776 41915408
155 229 7082172 26823010
456 371 60368340 70935706
382 500 17607493 81126604
387 360 40441963 77676215
1 203 50074461 80821375
233 337 51768448 81094570
1 108 13214924 49183596
468 117 29351722 56071571
1 72 12778262 30080118
1 354 61088166 71776552
431 500 47895060 60446541
205 500 8035726 83180812
426 299 23811719 65332132
210 252 48712834 57705027
153 500 30534716 77860476
154 126 4630997 72155629
143 98 62957104 64741746
418 500 46292764 59280411
250 500 16974318 37955941
268 46 30951580 54430361
399 397 51087810 68613072
268 500 4579002 63280652
310 331 67730728 71692367
162 294 22523770 44963222
1 131 8579650 9134549
390 89 61379033 75100715
402 175 3415713 7372302
166 500 72438782 85857743
459 342 20417059 53465943
230 216 28707209 34267413
389 255 34413518 66780256
272 17 18650282 28377585
413 6 35720615 67867224
283 93 77559215 81823137
325 5 30431444 31352607
305 364 1771395 41214290
1 500 39111765 47106647
397 360 36187779 38426382
1 500 877762 5107157
449 106 75416203 79975464
360 500 17045887 26484340
1 500 35020217 61630867
377 50 29199597 71671814
305 134 67894852 79251575
415 68 31118514 52091745
392 1 21088993 60251130
399 219 65531997 69129877
1 120 17031385 57674615
380 500 18143853 66431482
233 500 53677429 66593175
1 312 35240805 50616198
301 217 58290914 78802004
1 229 13295913 84612501
1 38 11079913 38441291
158 378 62070687 80989561
1 258 49376534 67869591
142 367 11141953 80304865
161 500 63074744 84512635
107 115 2656650 19501208
228 500 16180068 63419204
111 243 37649374 46330610
172 373 20114608 83010489
172 500 38888720 64445505
181 292 47483014 54391800
1 333 37934869 60718476
227 179 33818686 57019481
255 204 363469 23350924
1 394 8443652 78165974
332 500 26111527 78497093
233 221 74248057 81520226
110 500 45788537 49121746
477 153 2841440 68701535
403 205 44671940 45979371
1 326 1931139 54833973
427 166 33583422 43394791
165 374 38297258 74993634
322 330 15992229 65593802
227 105 43705043 64588459
339 126 1990434 81921396
1 189 48149913 77706832
1 500 21118807 27427076
175 229 220407 71242697
280 383 29134989 69831283
328 500 27170074 51113283
262 343 67228718 71287045
306 319 72358946 80731891
321 258 14513295 62613460
272 28 25199877 40030872
1 71 40886281 58734491
339 500 57353751 71523219
279 500 22517821 30685908
143 97 3427072 79017223
169 377 7085021 9783322
449 218 13538374 71156223
355 500 425263 39159862
450 500 37033989 76352721
322 137 47855809 80076335
494 268 11677541 20704264
455 140 19264286 84048997
185 16 11806620 19506091
1 152 38327428 67564227
390 126 36761397 42433906
1 216 23319857 82549854
1 389 31127283 83996424
1 500 13150879 27815562
301 164 19641931 39236291
1 237 39928772 64677904
186 272 9406840 46338010
433 99 42223132 50719263
185 187 43762646 76563817
205 351 45241193 64911587
1 293 63947349 69696800
288 120 29610911 77624529
1 500 45780557 61589909
1 286 63647179 67712107
310 354 16329119 21955600
1 271 19815168 74017260
199 500 39477160 73258605
101 500 8759598 84997366
403 190 56269148 63217531
1 45 55849686 84886357
261 198 61540995 72401720
126 84 31944367 42079799
204 295 2255680 20985483
457 27 24780975 82997535
297 149 27318933 46945613
327 346 71836951 81490299
467 37 20618324 82054659
144 26 7335260 60428372
260 324 41277889 82954197
208 240 61169378 83016128
419 336 47900753 68471110
309 270 6352342 69019500
121 500 65801681 82932220
1 280 44675786 73517398
272 115 43678075 48627759
327 44 2004887 5351737
1 500 51109434 62244973
473 312 6244782 48414837
340 75 29419825 55382520
323 146 11241251 37569935
334 348 1387296 10015756
312 10 48619440 68994623
318 214 5648158 80026623
1 288 236573 20315506
1 206 17302635 17735669
130 253 21019815 66275271
471 146 32813396 34203108
275 65 1675981 69832023
354 317 29589802 53648198
217 500 6246910 28988012
257 264 39506259 71417302
396 383 24519073 84801917
1 500 34472864 51542587
240 65 56338810 72744077
144 212 12306565 86013081
170 500 11181165 53548843
405 349 65306108 65316288
1 303 13370472 54212006
323 384 83122991 84617142
346 96 39865728 62225064
420 127 41965745 72550581
1 184 28658588 73258064
1 500 25518301 36726332
392 220 247806 82748027
1 264 48728024 60821539
442 500 47118409 65712107
223 308 8930702 77446244
425 48 30890506 38542622
1 391 7953569 85355442
396 42 17051101 79440925
233 116 4675728 76766620
386 500 36589184 85706327
154 141 13167246 47418407
210 500 33116139 80106588
281 81 27822173 34081383
171 397 33200360 66261961
267 339 16854187 67206755
353 35 11687883 69092001
299 202 22983958 84716015
312 385 41600277 71271892
317 144 62663489 65794685
438 30 14069422 20402573
468 58 25154455 69243143
293 49 8998715 66437311
365 179 29144722 81991855
1 274 44304232 73587403
427 66 19921313 56002301
225 500 48199229 69713958
454 24 29438561 37454873
1 156 34571963 53919123
288 358 4299018 64089906
485 500 29927831 81005443
271 500 19150723 70196790
1 98 74960253 77315883
419 500 32325187 83756025
134 355 4393369 18948208
171 393 38663 46468329
1 24 380114 51795388
1 43 39860282 85760173
391 183 1175479 35225076
193 73 2121656 5342232
263 500 53984131 65848275
425 385 2720130 32880789
374 8 20594068 38800675
143 178 6576295 56164792
435 287 15069530 74811304
399 349 14880864 59231575
121 15 59602823 74435429
106 231 71305894 73356799
1 218 38824236 70660276
461 6 57311558 64947468
112 340 27806378 74918037
405 235 23869101 43289036
1 500 49125172 62963351
377 135 46308616 74242601
103 60 61913674 80719886
246 154 52813273 65981953
1 500 43106963 60145505
131 221 71541798 83742883
342 376 19285247 80405583
248 258 76747202 81072635
1 347 54943691 79713456
202 70 57762646 60649468
479 48 7256347 78336638
265 248 1189463 50229129
396 228 31725119 81159431
114 391 12493856 40978219
124 87 1112274 73964636
341 228 438039 63970892
118 226 17339455 48133720
339 130 41862427 65251006
1 90 12328104 75704659
252 500 7138143 63929189
220 211 28395357 43757591
263 48 4857476 14118191
218 98 19900283 70617929
237 216 8536357 12683628
418 266 8362456 48890671
371 201 72099149 82283919
236 86 16626445 44924483
482 180 1053834 64405100
363 184 36388352 61008800
119 376 3102959 64091973
329 305 23396854 35551138
388 359 3083697 9217978
1 310 33467560 46969670
250 500 11787415 84937531
168 500 29651802 50864205
447 500 27937910 70283588
229 335 17555483 53333680
1 186 47285085 75260913
488 500 3556966 22000448
1 111 25086963 32797041
199 294 48575495 66169087
493 282 51259705 58899338
240 43 31601802 38105696
1 378 20406058 41584241
272 311 48944506 55840654
368 300 5062830 11102040
411 69 10544777 19215468
188 500 66416287 84065739
233 500 13807733 28123837
1 35 42373491 76371625
1 256 60114406 75468697
309 166 11055022 26228824
467 7 22765865 53613376
381 500 13064565 47978547
135 43 6204485 61935283
1 500 56865236 67532991
104 322 6045479 55557378
215 200 67155217 71280495
339 261 7226021 21460571
190 112 33215887 71508649
1 358 54057719 54928060
418 391 43966157 63367787
1 42 38778131 62489333
432 250 27365901 30748108
361 62 61509163 71958202
348 2 14312423 74066820
443 53 39217661 60736440
321 265 33484930 82047804
306 295 59221558 69802258
188 112 45634808 49367715
215 120 6432982 10230178
178 1 1183202 58312228
282 23 43224975 47716278
498 51 35523669 76913822
423 295 51599473 79828354
1 135 74012019 81537091
468 3 7714245 12667529
477 317 78084957 81844249
338 287 34979765 81516814
1 295 17226460 37349564
1 221 29334119 40133466
307 33 80480312 85189067
344 210 13276885 58832691
347 326 9463260 10065009
1 500 45835871 59631309
362 500 10277117 21178162
252 198 17091195 66204976
299 24 10445418 76197318
162 368 83074060 84747606
301 385 45253561 59675915
158 66 16072363 67802153
481 500 983843 48619484
135 254 2748652 66561528
473 134 7823981 57337020
1 97 26152265 68747629
491 398 11312896 79626945
392 163 22702188 55410068
348 79 30840406 73948160
390 394 23876639 72938930
347 244 9537470 55296334
414 102 57490211 78033953
1 255 3353365 52205420
234 283 14771956 51978851
323 231 16637898 25769667
111 395 4394482 85609903
429 176 56245421 74630840
172 39 25977196 78507633
1 500 50577413 79724228
212 500 53790730 78573692
341 254 15508685 58155464
148 500 2090528 16375706
305 500 38632496 63116265
131 247 47387523 73486191
404 74 5802393 66310186
432 193 31877024 81955206
1 230 18470401 86250367
450 243 31507629 45732209
478 163 15840449 78404658
1 315 33350274 52476023
296 240 8380981 63652207
202 294 2087071 70304217
280 500 35321480 56037986
1 287 16501536 47440183
147 145 3359045 24506687
1 196 10397214 50999547
230 292 36335930 43480175
304 220 14623955 30646072
286 107 53750624 53905452
382 202 54789035 75673463
444 370 70875787 83998182
431 67 3495538 44946304
361 253 6434632 64135790
194 324 2759591 47683455
266 75 12279564 14037847
322 270 59449504 69068936
317 7 23690601 49521925
298 1 18956811 74453920
323 392 26428583 45051574
1 45 21280880 80364378
267 148 29557804 41054807
107 394 59140471 80442583
348 58 2348025 70283132
257 378 86013 38873911
152 197 4401403 20875384
282 40 53166065 74205871
1 116 43224664 76725381
303 343 27079649 29142170
250 191 69919188 79050684
144 17 44990030 80846366
207 108 35836441 57011407
115 305 135801 34132701
305 323 25480401 65566445
214 34 12712353 59528960
218 18 18275673 75792605
273 500 57011402 69278093
1 262 5852732 20517963
440 392 7367475 10762785
1 287 49400513 84072206
464 326 20159710 27153266
150 325 40919063 86047711
293 500 43692322 58229393
1 500 40782413 77180616
290 6 23796589 65652807
420 9 15633009 60952494
1 330 24110492 84040541
1 64 8288879 34649331
323 101 53737097 62113008
495 365 13947502 38271329
1 500 18177648 66306326
312 255 13470874 21974781
415 362 34952514 84634572
395 205 744856 16999703
219 500 27518736 67655610
326 39 4196535 72486265
146 364 2781423 48323489
201 325 76053883 86034592
1 121 11802460 43996185
112 330 28267615 58733598
197 23 18841531 32315912
237 351 13167240 80223391
187 68 31640005 39664755
476 252 42450348 68066626
133 500 10736893 12980266
1 86 39819400 52361559
171 392 14790178 71944578
419 308 14724284 35060755
229 352 1646226 15038384
193 280 78178985 86013133
345 89 20149741 83905449
1 167 5190419 42137382
320 265 8028166 38714807
398 500 33097589 79359276
193 500 23118934 68090263
158 282 12990018 20679911
390 151 40349542 72060238
262 500 15045933 22531557
470 396 1252707 61920750
317 37 15094925 39229018
304 228 47548033 55189762
127 205 43053150 55717124
246 262 6358086 42974937
1 500 30752216 36147382
436 14 46703295 72712200
371 173 42753977 71801449
147 141 5584452 71674514
446 72 68619258 72346631
1 362 22874604 33218846
445 382 2133430 26568927
203 172 43315283 80749236
407 54 41764775 77281689
1 357 4894031 12117321
134 214 29049741 60239863
179 206 15966850 84210779
189 500 24943999 61775329
450 149 22048633 71019321
121 500 39669491 79617763
1 118 39361723 68857311
215 165 62318792 74080370
1 62 61137965 80969003
1 262 69091545 72907011
360 266 13780975 82247911
314 382 13886561 45356693
1 346 23985944 43560393
472 257 31240521 51999809
450 83 74883080 84959982
1
81747873
