2 500
2 1 35069709 68191543
1 2 39217264 48887272
2 1 16268361 75372864
2 1 9746395 48318352
1 2 53157944 58826938
2 1 72832881 86006988
2 1 39767594 69088185
2 1 5316213 5950443
1 2 18027960 77604931
1 2 55198491 71337377
2 1 1267256 36151899
2 1 9700697 24960422
2 1 32659355 76858153
2 1 12452729 53244035
1 2 15934104 43287346
1 2 19230261 60765644
1 2 26131634 38802504
2 1 475711 78537413
2 1 1256730 33633498
1 2 38487363 46418652
1 2 48022268 74181028
1 2 21442769 39180373
2 1 55570805 71238745
1 2 43228210 62487354
1 2 1482025 29099440
1 2 44006220 75000975
2 1 30684667 64082488
2 1 12400838 65784862
1 2 5748438 38903634
2 1 69170172 78398502
2 1 24827008 71724204
1 2 6364913 17895573
1 2 24043570 68618523
1 2 68125579 77377699
1 2 12350610 72120431
2 1 64317107 84139262
2 1 15942737 38083232
1 2 7215734 44279211
2 1 15383126 64323475
1 2 23996185 58775125
1 2 23159317 75351810
1 2 44105403 60112117
1 2 39898590 47191875
2 1 34321178 79485735
1 2 68043415 77516413
2 1 25443079 54969875
1 2 34789274 73289376
1 2 2976110 33426743
1 2 43047658 55003151
1 2 4327607 59359988
1 2 12108731 12645079
2 1 19947712 55830714
1 2 3328357 36334498
1 2 55555648 86326770
2 1 14983760 41284689
2 1 40621542 75227223
2 1 31455257 42153794
2 1 24284121 48307447
1 2 78027165 86255060
2 1 17246031 26914661
1 2 14238776 41915408
1 2 7082172 26823010
2 1 60368340 70935706
2 1 17607493 81126604
1 2 40441963 77676215
2 1 50074461 80821375
1 2 51768448 81094570
2 1 13214924 49183596
2 1 29351722 56071571
1 2 12778262 30080118
1 2 61088166 71776552
1 2 47895060 60446541
1 2 8035726 83180812
2 1 23811719 65332132
2 1 48712834 57705027
1 2 30534716 77860476
2 1 4630997 72155629
1 2 62957104 64741746
2 1 46292764 59280411
2 1 16974318 37955941
2 1 30951580 54430361
1 2 51087810 68613072
2 1 4579002 63280652
2 1 67730728 71692367
2 1 22523770 44963222
1 2 8579650 9134549
2 1 61379033 75100715
2 1 3415713 7372302
2 1 72438782 85857743
1 2 20417059 53465943
2 1 28707209 34267413
1 2 34413518 66780256
2 1 18650282 28377585
1 2 35720615 67867224
1 2 77559215 81823137
1 2 30431444 31352607
1 2 1771395 41214290
2 1 39111765 47106647
1 2 36187779 38426382
2 1 877762 5107157
1 2 75416203 79975464
2 1 17045887 26484340
1 2 35020217 61630867
1 2 29199597 71671814
1 2 67894852 79251575
1 2 31118514 52091745
2 1 21088993 60251130
1 2 65531997 69129877
2 1 17031385 57674615
2 1 18143853 66431482
1 2 53677429 66593175
2 1 35240805 50616198
1 2 58290914 78802004
2 1 13295913 84612501
2 1 11079913 38441291
2 1 62070687 80989561
1 2 49376534 67869591
2 1 11141953 80304865
1 2 63074744 84512635
1 2 2656650 19501208
2 1 16180068 63419204
1 2 37649374 46330610
2 1 20114608 83010489
2 1 38888720 64445505
1 2 47483014 54391800
1 2 37934869 60718476
1 2 33818686 57019481
1 2 363469 23350924
2 1 8443652 78165974
2 1 26111527 78497093
1 2 74248057 81520226
2 1 45788537 49121746
1 2 2841440 68701535
1 2 44671940 45979371
2 1 1931139 54833973
1 2 33583422 43394791
1 2 38297258 74993634
2 1 15992229 65593802
1 2 43705043 64588459
1 2 1990434 81921396
2 1 48149913 77706832
1 2 21118807 27427076
1 2 220407 71242697
2 1 29134989 69831283
2 1 27170074 51113283
2 1 67228718 71287045
2 1 72358946 80731891
1 2 14513295 62613460
2 1 25199877 40030872
1 2 40886281 58734491
1 2 57353751 71523219
1 2 22517821 30685908
1 2 3427072 79017223
1 2 7085021 9783322
1 2 13538374 71156223
1 2 425263 39159862
2 1 37033989 76352721
2 1 47855809 80076335
2 1 11677541 20704264
1 2 19264286 84048997
1 2 11806620 19506091
1 2 38327428 67564227
2 1 36761397 42433906
1 2 23319857 82549854
2 1 31127283 83996424
1 2 13150879 27815562
1 2 19641931 39236291
2 1 39928772 64677904
2 1 9406840 46338010
1 2 42223132 50719263
1 2 43762646 76563817
1 2 45241193 64911587
2 1 63947349 69696800
2 1 29610911 77624529
2 1 45780557 61589909
2 1 63647179 67712107
2 1 16329119 21955600
2 1 19815168 74017260
1 2 39477160 73258605
1 2 8759598 84997366
1 2 56269148 63217531
1 2 55849686 84886357
1 2 61540995 72401720
2 1 31944367 42079799
2 1 2255680 20985483
1 2 24780975 82997535
1 2 27318933 46945613
1 2 71836951 81490299
1 2 20618324 82054659
2 1 7335260 60428372
2 1 41277889 82954197
2 1 61169378 83016128
1 2 47900753 68471110
1 2 6352342 69019500
1 2 65801681 82932220
1 2 44675786 73517398
2 1 43678075 48627759
1 2 2004887 5351737
2 1 51109434 62244973
1 2 6244782 48414837
2 1 29419825 55382520
1 2 11241251 37569935
2 1 1387296 10015756
2 1 48619440 68994623
2 1 5648158 80026623
2 1 236573 20315506
2 1 17302635 17735669
2 1 21019815 66275271
1 2 32813396 34203108
1 2 1675981 69832023
2 1 29589802 53648198
1 2 6246910 28988012
1 2 39506259 71417302
2 1 24519073 84801917
2 1 34472864 51542587
2 1 56338810 72744077
2 1 12306565 86013081
2 1 11181165 53548843
1 2 65306108 65316288
1 2 13370472 54212006
1 2 83122991 84617142
2 1 39865728 62225064
2 1 41965745 72550581
1 2 28658588 73258064
1 2 25518301 36726332
2 1 247806 82748027
1 2 48728024 60821539
2 1 47118409 65712107
1 2 8930702 77446244
1 2 30890506 38542622
2 1 7953569 85355442
2 1 17051101 79440925
1 2 4675728 76766620
2 1 36589184 85706327
2 1 13167246 47418407
2 1 33116139 80106588
1 2 27822173 34081383
1 2 33200360 66261961
1 2 16854187 67206755
1 2 11687883 69092001
1 2 22983958 84716015
2 1 41600277 71271892
1 2 62663489 65794685
2 1 14069422 20402573
2 1 25154455 69243143
1 2 8998715 66437311
1 2 29144722 81991855
2 1 44304232 73587403
1 2 19921313 56002301
1 2 48199229 69713958
2 1 29438561 37454873
1 2 34571963 53919123
2 1 4299018 64089906
1 2 29927831 81005443
1 2 19150723 70196790
1 2 74960253 77315883
1 2 32325187 83756025
2 1 4393369 18948208
1 2 38663 46468329
2 1 380114 51795388
1 2 39860282 85760173
1 2 1175479 35225076
1 2 2121656 5342232
1 2 53984131 65848275
1 2 2720130 32880789
2 1 20594068 38800675
1 2 6576295 56164792
1 2 15069530 74811304
1 2 14880864 59231575
1 2 59602823 74435429
2 1 71305894 73356799
2 1 38824236 70660276
1 2 57311558 64947468
2 1 27806378 74918037
1 2 23869101 43289036
1 2 49125172 62963351
1 2 46308616 74242601
1 2 61913674 80719886
2 1 52813273 65981953
1 2 43106963 60145505
1 2 71541798 83742883
2 1 19285247 80405583
2 1 76747202 81072635
1 2 54943691 79713456
2 1 57762646 60649468
1 2 7256347 78336638
1 2 1189463 50229129
2 1 31725119 81159431
2 1 12493856 40978219
2 1 1112274 73964636
1 2 438039 63970892
2 1 17339455 48133720
1 2 41862427 65251006
2 1 12328104 75704659
2 1 7138143 63929189
2 1 28395357 43757591
1 2 4857476 14118191
2 1 19900283 70617929
1 2 8536357 12683628
2 1 8362456 48890671
1 2 72099149 82283919
2 1 16626445 44924483
2 1 1053834 64405100
1 2 36388352 61008800
1 2 3102959 64091973
1 2 23396854 35551138
2 1 3083697 9217978
1 2 33467560 46969670
2 1 11787415 84937531
2 1 29651802 50864205
1 2 27937910 70283588
1 2 17555483 53333680
2 1 47285085 75260913
2 1 3556966 22000448
1 2 25086963 32797041
1 2 48575495 66169087
1 2 51259705 58899338
2 1 31601802 38105696
2 1 20406058 41584241
2 1 48944506 55840654
2 1 5062830 11102040
1 2 10544777 19215468
2 1 66416287 84065739
1 2 13807733 28123837
2 1 42373491 76371625
1 2 60114406 75468697
1 2 11055022 26228824
1 2 22765865 53613376
1 2 13064565 47978547
1 2 6204485 61935283
1 2 56865236 67532991
2 1 6045479 55557378
1 2 67155217 71280495
1 2 7226021 21460571
2 1 33215887 71508649
2 1 54057719 54928060
2 1 43966157 63367787
2 1 38778131 62489333
2 1 27365901 30748108
1 2 61509163 71958202
2 1 14312423 74066820
1 2 39217661 60736440
1 2 33484930 82047804
2 1 59221558 69802258
2 1 45634808 49367715
1 2 6432982 10230178
2 1 1183202 58312228
2 1 43224975 47716278
2 1 35523669 76913822
1 2 51599473 79828354
1 2 74012019 81537091
2 1 7714245 12667529
1 2 78084957 81844249
2 1 34979765 81516814
1 2 17226460 37349564
2 1 29334119 40133466
1 2 80480312 85189067
2 1 13276885 58832691
1 2 9463260 10065009
1 2 45835871 59631309
2 1 10277117 21178162
2 1 17091195 66204976
1 2 10445418 76197318
2 1 83074060 84747606
1 2 45253561 59675915
2 1 16072363 67802153
1 2 983843 48619484
1 2 2748652 66561528
1 2 7823981 57337020
1 2 26152265 68747629
1 2 11312896 79626945
2 1 22702188 55410068
2 1 30840406 73948160
2 1 23876639 72938930
1 2 9537470 55296334
2 1 57490211 78033953
1 2 3353365 52205420
2 1 14771956 51978851
1 2 16637898 25769667
1 2 4394482 85609903
1 2 56245421 74630840
2 1 25977196 78507633
1 2 50577413 79724228
2 1 53790730 78573692
1 2 15508685 58155464
2 1 2090528 16375706
1 2 38632496 63116265
1 2 47387523 73486191
2 1 5802393 66310186
2 1 31877024 81955206
1 2 18470401 86250367
2 1 31507629 45732209
2 1 15840449 78404658
2 1 33350274 52476023
2 1 8380981 63652207
2 1 2087071 70304217
2 1 35321480 56037986
2 1 16501536 47440183
1 2 3359045 24506687
1 2 10397214 50999547
2 1 36335930 43480175
2 1 14623955 30646072
2 1 53750624 53905452
2 1 54789035 75673463
2 1 70875787 83998182
1 2 3495538 44946304
1 2 6434632 64135790
2 1 2759591 47683455
2 1 12279564 14037847
2 1 59449504 69068936
1 2 23690601 49521925
2 1 18956811 74453920
1 2 26428583 45051574
1 2 21280880 80364378
1 2 29557804 41054807
1 2 59140471 80442583
2 1 2348025 70283132
1 2 86013 38873911
2 1 4401403 20875384
2 1 53166065 74205871
2 1 43224664 76725381
1 2 27079649 29142170
2 1 69919188 79050684
2 1 44990030 80846366
1 2 35836441 57011407
1 2 135801 34132701
1 2 25480401 65566445
2 1 12712353 59528960
2 1 18275673 75792605
1 2 57011402 69278093
2 1 5852732 20517963
2 1 7367475 10762785
1 2 49400513 84072206
2 1 20159710 27153266
2 1 40919063 86047711
1 2 43692322 58229393
2 1 40782413 77180616
2 1 23796589 65652807
2 1 15633009 60952494
2 1 24110492 84040541
1 2 8288879 34649331
1 2 53737097 62113008
1 2 13947502 38271329
2 1 18177648 66306326
2 1 13470874 21974781
1 2 34952514 84634572
1 2 744856 16999703
1 2 27518736 67655610
2 1 4196535 72486265
2 1 2781423 48323489
1 2 76053883 86034592
1 2 11802460 43996185
2 1 28267615 58733598
1 2 18841531 32315912
1 2 13167240 80223391
1 2 31640005 39664755
2 1 42450348 68066626
1 2 10736893 12980266
1 2 39819400 52361559
1 2 14790178 71944578
1 2 14724284 35060755
1 2 1646226 15038384
1 2 78178985 86013133
1 2 20149741 83905449
2 1 5190419 42137382
2 1 8028166 38714807
2 1 33097589 79359276
1 2 23118934 68090263
2 1 12990018 20679911
2 1 40349542 72060238
2 1 15045933 22531557
2 1 1252707 61920750
1 2 15094925 39229018
2 1 47548033 55189762
1 2 43053150 55717124
2 1 6358086 42974937
2 1 30752216 36147382
2 1 46703295 72712200
1 2 42753977 71801449
1 2 5584452 71674514
2 1 68619258 72346631
2 1 22874604 33218846
1 2 2133430 26568927
1 2 43315283 80749236
1 2 41764775 77281689
1 2 4894031 12117321
2 1 29049741 60239863
1 2 15966850 84210779
1 2 24943999 61775329
2 1 22048633 71019321
1 2 39669491 79617763
1 2 39361723 68857311
1 2 62318792 74080370
2 1 61137965 80969003
1 2 69091545 72907011
2 1 13780975 82247911
2 1 13886561 45356693
2 1 23985944 43560393
2 1 31240521 51999809
2 1 74883080 84959982
1
81747873
