100 786416 11
777023 747771 463018
339329 42015 446005
424541 930611 333286
220161 940513 337681
686205 526486 703373
586889 978913 184780
38752 222946 44449
656506 220718 271657
381217 734208 210853
766124 661165 73993
780865 978817 889250
289784 989982 415671
463742 471926 102447
544021 122577 651577
999979 397454 880701
121263 738897 661733
892919 436401 871591
426946 732626 622151
448545 322552 562872
696121 559101 497893
798500 370441 894649
17537 693552 823161
108407 185433 5481
760159 657381 212711
466041 51106 385666
752541 99155 103598
235355 833847 850851
240702 393659 807777
297421 787801 903745
102353 930361 143381
116732 610797 202201
893075 182245 470375
503225 156669 126421
266145 490167 669064
677081 400797 169484
365405 153044 225466
884885 835866 787467
372079 347421 162209
49153 100109 351809
787811 305903 14594
8999 601521 501397
451613 328441 759171
61141 512381 197555
476453 578746 933636
944306 859933 854712
962204 480067 402019
662137 458373 780687
85474 739877 755657
919033 66103 528981
243477 351009 309446
950175 478521 289273
269345 833601 176385
555051 684572 44367
111770 368725 5369
841497 258021 32644
416396 254557 126031
234243 639169 29598
214681 381790 138313
115817 335898 530177
89841 676861 598351
950529 685438 66339
896131 517545 82543
969571 734261 886881
642291 351701 240051
224882 59417 178929
743551 507134 640061
224441 201934 967683
863151 999601 276433
196650 839967 298597
837659 665452 871108
970741 953370 854815
610746 387417 345925
134743 891731 131993
7303 238390 922337
284369 381409 463240
657429 167589 740161
716001 663051 151641
475331 234351 514734
124848 658201 94219
635537 31781 131076
88801 215945 351516
269511 423396 513787
117580 212121 682177
621493 119397 464253
53361 449941 103001
323949 580282 832586
646425 922678 291471
137151 445654 765903
38810 571614 328985
161493 926329 451685
247723 180157 101251
939037 823247 531474
591541 821560 209973
853455 938413 788817
304629 636202 178964
892965 250832 212701
990853 533281 575617
699557 897243 143126
980776 57951 409126
372883 927833 317581
