50 8241 4
2485 6029 813
2004 180 582
2551 3282 520
8973 9411 768
1697 4485 939
7279 9013 647
2929 4916 833
9953 7370 4
8959 6781 694
2590 3185 506
2402 2782 780
4445 5264 129
802 6918 156
3903 1089 904
7277 1859 672
15 574 169
8628 1596 489
8302 7732 578
6149 8803 604
9216 9858 973
7893 8276 915
520 6944 490
6692 9876 165
2024 4308 739
3458 2313 614
2209 8976 883
9468 8034 756
2452 4902 502
5817 3799 489
1444 2571 754
8226 8613 901
4406 8875 674
8444 6232 881
4507 7170 300
2392 8849 574
4702 745 559
2052 5503 493
1278 7997 8
618 3619 614
1863 7746 135
921 8547 218
2897 6454 624
636 3066 510
5683 1999 954
3232 6765 39
8088 6437 747
9810 51 220
3402 6526 145
4596 2484 340
6222 9902 702
