100 555029 11
120237 874793 409411
502846 920186 52281
339073 448671 24113
318901 756297 35409
566317 600957 26009
717251 823756 20742
353151 28869 25029
193187 571151 81413
57279 267737 67681
984065 613081 30809
777065 88209 83064
430297 749791 1511
278943 753848 51975
746470 9937 18327
953251 390225 26040
892185 56574 43189
123915 368863 35901
36257 425465 16349
407956 914880 1793
693657 827153 94697
192085 630337 42293
22601 215953 57901
906241 685446 22355
523257 492282 98674
32479 819405 96786
363085 265421 48522
57411 263307 79097
566801 61576 49753
301446 413728 98960
326876 361761 50457
642065 574865 60592
156657 272464 44959
850097 472203 40074
687743 593994 34561
739716 862631 77139
196161 44771 65206
659549 693965 28763
386581 470977 72971
820006 846301 361
771373 640035 29129
221818 765022 25191
278401 856237 13489
864001 69581 69305
30157 413059 29313
563173 403538 14573
44943 484381 80157
574447 159441 24783
731921 155943 626
975115 993357 80449
896237 539999 21381
996033 190351 96375
369925 457281 95068
662980 935361 94662
206578 138265 98571
38468 16403 39424
462230 567026 917
8253 880242 66290
60517 298227 20791
497909 194941 85377
539485 613053 75391
834601 261777 88187
444235 588411 66629
925339 905457 11456
381249 496014 51893
928196 707160 99071
628006 701156 13487
715326 726233 92848
602069 642101 40197
358523 520913 21761
223921 726431 6852
153451 896363 1477
188145 508210 9818
738412 360359 14129
506146 206641 87407
102824 451421 48440
309539 425864 78246
556305 307601 42581
875274 515601 37617
448341 554209 13101
988285 633841 50463
499443 214744 78787
13057 790867 7861
417400 475600 77251
198976 712321 75433
424552 896056 59685
260933 87522 98929
541892 854561 96341
293690 222225 31741
599661 718252 76761
909014 790569 44728
375621 260885 35901
949189 519681 48609
820027 861199 40286
480501 829627 98689
672601 295102 56348
182401 368976 62005
772697 108441 98417
124489 908493 23855
791940 311777 28769
653337 428721 10334
