100 669161 11
225929 764065 847713
69431 829858 170881
144549 585412 434641
934573 884641 966401
571222 233257 766401
401899 258850 903049
939536 486507 557514
61619 102037 195639
424579 100369 309376
47182 30253 767201
221241 923384 429456
570171 213091 715015
927105 836597 957761
369983 932546 501510
160106 549137 935581
612657 601841 592794
723135 835987 129155
278210 205161 158675
66961 434781 236729
483463 80767 857637
20809 683885 464721
815553 864476 605846
976921 661603 766543
621514 156667 802657
695985 110577 536176
113185 115681 908126
925263 865830 242184
770557 541521 336505
262511 404932 795751
451333 695341 916261
942149 632553 84953
505128 419762 495897
340753 35441 441751
128886 464197 180967
315949 409174 61393
849953 9889 67008
919596 301711 701734
527638 168281 981051
950497 409399 647763
997848 458441 316495
309409 249101 856135
125893 946657 792921
786190 9856 531134
763145 966511 181045
715029 443265 815809
905521 274874 860729
672109 809246 555581
305103 61963 436365
30481 82025 163772
791637 886811 625955
315801 614506 232433
632518 681789 483533
321785 264226 245948
253825 825665 122876
146369 310256 163457
727971 173204 197951
750016 707629 987455
651233 846621 835556
812937 320461 781659
458651 4083 666463
714644 100487 726561
661332 972935 836599
120818 1841 582897
494177 432735 112181
745529 739201 442121
843052 235680 924087
747881 488765 132417
429489 905637 169575
776035 670200 887196
63478 401791 961825
732257 523849 325764
28225 68959 729705
562209 802897 530325
297321 138392 89544
581122 800296 508481
923469 130917 281880
462187 964343 103151
507345 209527 895961
566463 466243 185247
314409 134656 990793
293238 728712 321301
703261 231452 436746
801831 687097 965081
343465 77681 981309
244613 793071 530097
348449 836173 295937
878186 536715 213472
330779 75368 736901
242817 928602 726933
954897 692241 375521
784807 448901 971377
800251 973522 172111
657707 147342 579761
849289 709097 422030
979581 184941 188153
616192 917145 490881
247736 418326 438033
727347 428945 909145
24785 80876 6791
829419 474901 910559
