100 96641 11
482741 482869 697
36281 418105 34781
193923 348857 48165
946405 147929 88391
445468 98629 42525
302496 214421 36154
543316 48161 69921
982368 862249 32898
864245 215759 97623
140841 997941 56192
806481 670075 21957
103441 981272 24991
992001 77383 36155
239363 791505 13251
593326 814761 92372
239021 96541 2869
60417 58765 49055
330812 480319 36225
214990 539331 81
428195 959113 14375
62181 874081 73375
412031 793005 59811
92616 609 66741
88065 259136 10197
113217 50875 20161
211908 376811 40981
296743 13251 28754
985745 723551 63013
757019 693207 56570
906941 505704 23309
311415 635393 96095
506625 37471 25551
3001 856875 21601
836756 921403 68474
91225 624163 85185
339813 40977 39352
393477 629791 63693
679375 448289 71713
411573 699009 85481
772849 17337 42730
734981 722212 62593
206301 610164 9361
890163 187854 43169
173617 870277 64316
738643 867568 78716
980289 651001 89170
53289 636380 25789
681311 115445 50961
566121 846952 69089
697399 849769 58477
851041 576929 44633
820921 229041 78581
581196 456245 4177
12829 936958 17647
171341 658379 42821
69009 94541 20481
7258 120006 43247
95473 53261 97436
941392 719165 64301
739053 528102 9001
964729 710037 5441
446453 367191 87959
116652 424271 33211
189503 143173 17252
771092 114969 41315
192329 263131 65571
880961 88481 97171
515493 365550 27115
618967 823412 52078
636508 730645 8810
591333 223921 46001
64654 914781 32616
650103 234500 83940
566573 758614 28334
440773 542155 27222
354945 883610 12589
840793 652793 62987
723249 934719 68297
880561 295393 98785
518897 103801 50761
207069 602842 13622
817975 612861 97526
199919 641172 93385
169857 224361 58689
176545 633975 65351
390141 718901 99826
235117 828333 47838
638009 882102 71932
412858 761839 20831
139936 683511 6190
684641 807140 73545
364565 304613 54851
596655 353101 25024
661273 109391 80276
64296 491988 70153
27145 367337 77645
961449 792506 1965
371373 494601 15553
820080 184809 96226
965219 445033 79681
