100 8420 9
22731 28791 3020
4844 7525 177
4417 12818 921
11516 24633 191
22127 27808 92
416 11398 226
9544 24400 94
28362 11334 590
21516 5440 16
5463 14397 572
4516 18308 323
3248 30026 591
20725 31885 626
20353 17739 698
14562 20987 304
26183 10785 118
15598 23104 953
9317 7803 837
3009 18842 919
21238 15205 31
22523 26193 466
28832 4822 687
29981 24125 140
20494 18102 452
9581 22519 419
26334 24840 186
5917 24657 498
7460 7493 845
15913 17631 352
29142 31756 522
17819 4788 735
25267 29094 424
3642 23723 38
18058 5406 64
27091 11980 10
16113 14551 57
18841 15533 349
8896 5858 113
15183 30437 811
21745 2699 211
9275 22500 186
29627 32207 982
31250 29392 115
14841 3259 496
6491 12087 373
24894 14818 533
5634 12984 694
23845 13934 510
19977 22000 847
30914 1408 81
28571 13383 973
17724 30152 162
23283 32379 968
29942 23978 774
7633 17913 647
16594 1361 330
2418 2911 471
23927 1896 231
25925 1214 978
25758 31878 158
20439 24699 26
31440 20079 444
19628 20438 854
29725 26533 663
6391 28805 552
23220 26900 950
31355 20201 514
4199 29364 851
8948 17088 917
24697 11636 717
18390 26214 795
18768 29650 471
333 27901 685
7640 996 229
13499 13853 881
27842 24770 158
3624 15828 164
28643 17046 228
10601 32286 259
12377 31668 474
22238 4898 796
7238 24204 943
12566 1491 933
4415 17238 905
20423 6341 71
27329 7618 902
6610 24923 456
1609 29211 402
23367 27542 624
30437 13974 501
9653 12585 203
24659 6345 137
28697 23719 60
13837 2170 653
14671 14301 840
29912 8264 207
27354 20669 446
28064 23005 747
13136 25186 33
28372 16041 61
