100 732809 11
828596 470401 189841
694033 687785 729409
243985 204797 540401
457051 658209 365375
850753 591775 473121
683019 167171 159961
312846 276771 772801
876247 152241 157301
506771 807121 978281
583467 302991 185121
579033 197757 351438
14717 83345 145645
741813 157171 727929
609729 731240 449567
504829 869166 638677
12181 472801 126709
891341 320663 41565
896379 462753 147243
25217 76411 719631
647 365305 894561
986673 887893 236297
787626 372704 185646
233365 11865 187741
851345 835269 219457
659125 868531 768760
943930 865625 66881
521221 540578 670632
551627 947941 504469
607041 817901 760449
630614 34337 263333
76509 599257 15317
192277 645860 655087
156621 669191 121001
403139 778196 551390
816807 744263 524831
756687 352822 750786
909097 952749 260289
862468 399405 185624
332969 341807 988101
849905 622503 689568
691641 589763 809641
830497 997621 146693
721989 151812 32363
234921 202381 165409
557265 227945 981965
907763 945157 744137
355841 636668 399433
229241 536578 448905
554523 775343 707424
388657 820551 366501
377237 919893 56031
343949 104349 606641
681001 698961 684055
134507 859016 702386
982721 337881 855855
80169 570940 271526
288647 111041 11141
707865 667201 97337
267948 129899 354288
619083 300826 347017
672897 90465 140515
430441 537085 916911
903591 135701 34867
302881 988913 763201
441259 847761 590989
695425 287772 59949
169793 407185 117340
732101 884626 166001
643585 779905 837291
267034 288969 697301
395784 870351 967861
116560 624017 210787
734471 188245 686333
428365 624257 747086
640293 957409 613854
310188 195839 613596
167953 664331 765951
140581 161051 973221
69989 840028 289746
401862 766481 708881
597889 446064 278390
304657 829336 869021
491149 675576 209600
903055 560145 568251
393005 228001 378509
563389 967735 179399
18902 916706 284009
845905 754663 584522
855112 882899 829602
800121 768864 104781
337861 802701 890431
408939 543537 629921
541313 778753 134101
500336 58727 76626
170557 409156 166132
980901 351751 925405
270691 74213 305318
692409 32977 753001
34877 900696 268734
968549 496231 46344
