20 40
1 1 0 0 1 0 0 0 0 0 1 1 1 1 1 1 1 0 1 0
1 0 0 1 0 0 1 0 0 1 1 0 1 0 1 0 1 1 1 0
1 1 0 1 1 0 1 1 1 0 1 0 0 1 1 1 1 1 1 0
0 1 0 0 0 0 0 0 0 0 0 1 0 1 0 0 0 1 1 0
1 1 0 0 0 0 0 0 1 0 0 1 0 1 1 0 0 0 1 1
1 1 1 0 0 0 1 0 1 0 1 1 0 0 0 1 1 1 1 0
0 0 1 0 1 1 1 0 1 0 0 0 1 0 0 0 1 1 1 1
1 1 1 1 1 1 1 0 1 0 0 0 0 0 1 0 0 1 0 1
0 1 0 1 0 1 1 1 0 0 1 0 0 0 0 1 0 1 0 0
1 0 1 1 0 0 0 0 1 1 0 1 0 1 1 1 0 1 1 0
1 0 1 1 0 1 1 0 0 1 0 0 0 1 1 0 1 1 1 1
1 1 0 1 0 0 0 0 0 0 0 1 1 0 1 1 0 0 0 0
0 1 0 1 0 1 1 0 0 1 0 0 0 1 0 0 0 0 1 1
1 0 0 0 1 0 0 1 1 1 1 0 0 1 1 0 0 0 1 1
1 0 1 1 1 1 0 1 0 1 0 0 1 1 0 0 1 0 1 1
0 1 0 0 1 1 0 1 1 0 1 0 0 1 1 1 1 0 1 1
1 1 0 1 1 1 1 0 0 1 0 0 1 0 0 1 0 1 0 1
1 1 1 1 0 0 0 1 1 0 1 0 0 0 1 0 0 0 1 1
1 0 1 0 0 1 0 1 1 0 0 0 1 1 0 1 0 0 0 0
1 1 0 1 0 1 1 0 0 0 0 0 0 1 1 0 1 1 0 1
Q 11 4
T 13 6
T 1 14
Q 3 20
Q 6 4
T 4 13
Q 2 4
T 6 14
Q 12 13
T 3 7
T 1 8
T 14 15
T 11 16
Q 12 1
T 8 6
T 1 15
Q 5 20
Q 17 15
T 3 12
T 19 14
Q 5 19
T 20 13
T 8 1
T 11 18
T 16 17
Q 4 19
T 10 3
T 6 8
Q 15 6
Q 10 9
Q 1 3
T 4 17
Q 2 16
Q 5 1
T 17 11
T 12 12
Q 8 14
T 11 5
T 4 1
Q 3 10
