40 100
1 1 0 0 1 0 0 0 0 0 1 1 1 1 1 1 1 0 1 0 1 0 0 1 0 0 1 0 0 1 1 0 1 0 1 0 1 1 1 0
1 1 0 1 1 0 1 1 1 0 1 0 0 1 1 1 1 1 1 0 0 1 0 0 0 0 0 0 0 0 0 1 0 1 0 0 0 1 1 0
1 1 0 0 0 0 0 0 1 0 0 1 0 1 1 0 0 0 1 1 1 1 1 0 0 0 1 0 1 0 1 1 0 0 0 1 1 1 1 0
0 0 1 0 1 1 1 0 1 0 0 0 1 0 0 0 1 1 1 1 1 1 1 1 1 1 1 0 1 0 0 0 0 0 1 0 0 1 0 1
0 1 0 1 0 1 1 1 0 0 1 0 0 0 0 1 0 1 0 0 1 0 1 1 0 0 0 0 1 1 0 1 0 1 1 1 0 1 1 0
1 0 1 1 0 1 1 0 0 1 0 0 0 1 1 0 1 1 1 1 1 1 0 1 0 0 0 0 0 0 0 1 1 0 1 1 0 0 0 0
0 1 0 1 0 1 1 0 0 1 0 0 0 1 0 0 0 0 1 1 1 0 0 0 1 0 0 1 1 1 1 0 0 1 1 0 0 0 1 1
1 0 1 1 1 1 0 1 0 1 0 0 1 1 0 0 1 0 1 1 0 1 0 0 1 1 0 1 1 0 1 0 0 1 1 1 1 0 1 1
1 1 0 1 1 1 1 0 0 1 0 0 1 0 0 1 0 1 0 1 1 1 1 1 0 0 0 1 1 0 1 0 0 0 1 0 0 0 1 1
1 0 1 0 0 1 0 1 1 0 0 0 1 1 0 1 0 0 0 0 1 1 0 1 0 1 1 0 0 0 0 0 0 1 1 0 1 1 0 1
1 0 1 0 0 1 0 0 1 1 0 1 1 1 1 0 1 0 1 1 1 0 1 1 1 1 0 0 0 0 0 0 1 0 1 0 0 0 1 1
1 0 0 1 1 0 0 0 1 0 1 1 0 0 0 0 1 0 0 1 1 0 0 0 1 0 0 1 0 0 0 1 0 1 0 1 1 0 0 1
0 0 1 1 1 0 1 1 1 0 1 0 0 0 1 0 1 1 1 1 0 0 0 0 0 0 1 1 1 1 1 0 0 0 0 1 0 1 0 1
0 1 0 0 1 1 1 0 0 1 1 0 1 0 1 0 1 1 1 0 0 0 1 0 1 0 1 0 1 0 0 0 1 1 0 0 0 1 0 1
1 1 1 1 0 0 1 0 1 0 1 1 1 1 1 1 1 0 0 1 1 0 0 0 0 0 1 1 0 1 1 1 1 1 1 0 1 0 1 0
0 1 1 1 1 1 1 0 0 0 1 1 0 0 1 1 1 0 1 0 0 1 0 1 0 0 1 0 1 1 1 1 0 0 1 1 0 0 0 1
0 1 0 1 1 0 0 0 1 0 0 1 1 1 0 0 1 0 1 1 0 1 1 0 1 0 0 0 1 1 0 1 0 1 1 1 1 0 0 1
1 0 1 1 1 1 1 0 1 0 1 1 1 1 1 0 0 1 0 1 0 0 1 0 1 0 0 0 1 1 0 1 1 1 0 1 0 1 1 0
0 0 1 1 1 0 0 0 0 1 1 1 1 0 0 1 0 0 1 0 1 1 1 0 0 0 1 0 1 1 1 0 1 0 1 0 0 0 1 1
0 0 0 1 0 1 1 1 1 1 0 1 1 1 0 1 1 0 1 1 1 1 1 1 0 0 0 0 1 0 0 0 0 0 1 1 0 0 0 1
0 1 1 0 1 0 1 1 0 0 1 1 1 0 0 1 0 0 1 1 1 1 1 0 0 1 0 0 1 1 0 0 0 0 0 0 1 1 0 1
0 0 1 1 1 0 0 1 0 0 0 0 0 0 0 1 1 1 0 1 1 1 1 0 0 0 0 0 1 1 0 0 0 0 1 0 1 0 1 0
0 0 1 1 1 0 0 0 0 0 0 1 1 0 1 0 1 1 0 1 1 0 0 1 0 0 0 1 1 1 0 1 0 1 1 1 1 1 0 0
1 1 0 1 0 0 1 0 1 0 0 1 1 1 1 1 1 1 0 0 1 0 1 1 1 1 0 1 0 0 0 0 1 0 0 0 0 1 1 1
1 1 0 0 1 0 1 0 0 1 1 0 1 0 1 1 0 0 0 0 1 1 0 1 1 1 1 1 0 1 0 1 0 0 1 1 0 0 0 1
1 0 1 0 1 1 0 0 0 0 0 1 1 0 0 0 1 0 1 0 1 1 0 1 0 1 1 0 1 1 0 0 0 0 1 1 1 0 0 0
0 1 0 0 0 1 0 0 0 1 0 0 1 0 1 0 1 0 0 0 1 0 1 1 0 1 0 0 1 0 0 0 0 1 0 0 0 0 1 1
1 0 0 1 0 0 0 0 0 1 0 0 0 0 1 1 0 1 0 1 0 1 0 1 0 0 1 1 0 1 0 0 0 1 0 1 1 0 1 0
0 0 0 0 0 1 0 1 1 1 1 1 1 0 0 0 1 0 1 0 1 0 1 1 0 1 0 1 1 0 1 0 1 0 1 0 0 0 1 1
1 1 1 0 1 1 0 0 0 0 1 1 0 1 0 0 0 0 0 0 1 0 0 1 1 1 1 1 1 1 1 1 0 0 1 1 0 0 1 0
1 0 1 1 1 1 0 0 0 1 0 0 0 0 0 1 0 0 0 1 1 0 0 0 0 1 0 0 0 1 0 1 1 1 1 1 0 0 1 0
1 0 0 1 0 0 0 1 0 1 0 1 1 0 0 0 1 0 1 0 0 0 1 0 1 0 0 0 1 1 1 0 1 0 1 0 1 0 0 0
0 1 0 0 0 1 0 0 1 1 1 0 1 0 0 1 0 1 0 1 0 1 1 0 1 1 0 1 0 1 0 1 1 1 1 0 0 1 0 1
0 0 1 1 1 1 1 1 0 0 0 0 1 0 1 1 0 0 0 1 0 1 1 1 1 1 1 1 0 0 0 0 0 1 0 0 1 0 1 0
1 0 0 0 0 0 0 1 0 1 1 1 0 1 1 0 0 0 0 1 1 0 1 0 1 1 1 1 0 0 1 0 0 0 0 0 1 0 0 1
0 1 1 0 0 0 0 1 0 0 0 0 1 0 1 0 0 1 1 1 1 1 1 0 0 0 1 1 0 1 1 0 0 0 1 1 0 0 1 0
0 1 1 1 1 0 0 1 0 1 0 0 0 1 1 1 0 1 1 0 0 1 0 1 1 1 1 1 0 1 0 0 0 0 0 1 0 1 1 1
0 0 0 0 1 0 1 1 0 1 0 0 0 1 1 1 0 0 1 1 0 0 0 1 0 1 0 0 0 1 0 1 0 0 0 0 1 0 0 1
0 0 1 0 1 1 0 1 1 1 0 0 0 0 1 0 1 0 1 1 1 1 0 0 1 1 0 1 1 0 0 1 1 0 0 1 1 1 0 0
1 0 0 0 1 1 1 0 0 1 1 0 0 1 1 1 1 1 0 0 0 1 1 0 0 1 1 0 0 1 1 1 1 1 0 0 0 0 1 1
Q 11 16
Q 31 30
Q 26 15
T 8 33
T 8 3
T 11 2
Q 28 26
Q 2 19
Q 8 9
T 37 40
Q 23 27
T 16 29
T 21 14
Q 29 24
Q 32 3
Q 38 27
T 22 17
Q 22 16
Q 5 39
Q 17 15
Q 39 35
Q 3 36
Q 9 34
T 28 1
T 39 11
Q 2 40
Q 4 37
Q 2 6
Q 35 31
Q 22 8
Q 31 4
Q 13 10
Q 33 37
Q 8 11
Q 6 13
T 30 1
Q 32 19
Q 7 19
T 7 12
T 37 18
T 15 10
T 30 25
Q 19 18
Q 27 5
T 27 9
Q 39 31
Q 26 7
Q 21 31
Q 14 16
Q 39 21
Q 28 28
T 27 28
T 28 35
Q 33 32
T 14 6
Q 32 5
Q 7 9
T 14 1
T 18 39
T 36 10
Q 22 14
T 28 2
Q 18 22
T 8 26
Q 25 5
Q 6 22
T 22 33
T 17 24
Q 1 1
T 12 34
T 12 17
Q 9 1
Q 14 20
Q 20 14
T 16 6
T 1 36
T 17 16
Q 32 9
Q 37 3
T 26 1
Q 3 6
T 1 37
Q 3 29
T 21 37
T 14 21
T 35 14
Q 1 16
T 1 28
Q 27 22
T 2 9
Q 37 26
Q 13 17
Q 3 4
T 22 3
T 9 19
T 38 35
T 11 16
Q 10 16
Q 1 20
Q 26 32
