169 265
1 1 0 0 1 0 0 0 0 0 1 1 1 1 1 1 1 0 1 0 1 0 0 1 0 0 1 0 0 1 1 0 1 0 1 0 1 1 1 0 1 1 0 1 1 0 1 1 1 0 1 0 0 1 1 1 1 1 1 0 0 1 0 0 0 0 0 0 0 0 0 1 0 1 0 0 0 1 1 0 1 1 0 0 0 0 0 0 1 0 0 1 0 1 1 0 0 0 1 1 1 1 1 0 0 0 1 0 1 0 1 1 0 0 0 1 1 1 1 0 0 0 1 0 1 1 1 0 1 0 0 0 1 0 0 0 1 1 1 1 1 1 1 1 1 1 1 0 1 0 0 0 0 0 1 0 0 1 0 1 0 1 0 1 0 1 1 1 0
0 1 0 0 0 0 1 0 1 0 0 1 0 1 1 0 0 0 0 1 1 0 1 0 1 1 1 0 1 1 0 1 0 1 1 0 1 1 0 0 1 0 0 0 1 1 0 1 1 1 1 1 1 0 1 0 0 0 0 0 0 0 1 1 0 1 1 0 0 0 0 0 1 0 1 0 1 1 0 0 1 0 0 0 1 0 0 0 0 1 1 1 0 0 0 1 0 0 1 1 1 1 0 0 1 1 0 0 0 1 1 1 0 1 1 1 1 0 1 0 1 0 0 1 1 0 0 1 0 1 1 0 1 0 0 1 1 0 1 1 0 1 0 0 1 1 1 1 0 1 1 1 1 0 1 1 1 1 0 0 1 0 0 1 0 0 1 0 1
0 1 1 1 1 1 0 0 0 1 1 0 1 0 0 0 1 0 0 0 1 1 1 0 1 0 0 1 0 1 1 0 0 0 1 1 0 1 0 0 0 0 1 1 0 1 0 1 1 0 0 0 0 0 0 1 1 0 1 1 0 1 1 0 1 0 0 1 0 0 1 1 0 1 1 1 1 0 1 0 1 1 1 0 1 1 1 1 0 0 0 0 0 0 1 0 1 0 0 0 1 1 1 0 0 1 1 0 0 0 1 0 1 1 0 0 0 0 1 0 0 1 1 0 0 0 1 0 0 1 0 0 0 1 0 1 0 1 1 0 0 1 0 0 1 1 1 0 1 1 1 0 1 0 0 0 1 0 1 1 1 1 0 0 0 0 0 0 1
1 1 1 1 0 0 0 0 1 0 1 0 1 0 1 0 0 1 1 1 0 0 1 1 0 1 0 1 0 1 1 1 0 0 0 1 0 1 0 1 0 1 0 0 0 1 1 0 0 0 1 0 1 1 1 1 1 0 0 1 0 1 0 1 1 1 1 1 1 1 0 0 1 1 0 0 0 0 0 1 1 0 1 1 1 1 1 1 0 1 0 1 0 0 1 1 1 1 1 1 0 0 0 1 1 0 0 1 1 1 0 1 0 0 1 0 1 0 0 1 0 1 1 1 1 0 0 1 1 0 0 0 1 0 1 0 1 1 0 0 0 1 0 0 1 1 1 0 0 1 0 1 1 0 1 1 0 1 0 0 0 1 1 0 1 0 1 1 1
1 0 0 1 1 0 1 1 1 1 1 0 1 0 1 1 1 1 1 0 0 1 0 1 0 0 1 0 1 0 0 0 1 1 0 1 1 1 0 1 0 1 1 0 0 0 1 1 1 0 0 0 0 1 1 1 1 0 0 1 0 0 1 0 1 1 1 0 0 0 1 0 1 1 1 0 1 0 1 0 0 0 1 1 0 0 0 1 0 1 1 1 1 1 0 1 1 1 0 1 1 0 1 1 1 1 1 1 0 0 0 0 1 0 0 0 0 0 1 1 0 0 0 1 0 1 1 0 1 0 1 1 0 0 1 1 1 0 0 1 0 0 1 1 1 1 1 0 0 1 0 0 1 1 0 0 0 0 0 0 1 1 0 1 0 0 1 1 1
0 0 1 0 0 0 0 0 0 0 1 1 1 0 1 1 1 1 0 0 0 0 0 1 1 0 0 0 0 1 0 1 0 1 0 0 0 1 1 1 0 0 0 0 0 0 1 1 0 1 0 1 1 0 1 1 0 0 1 0 0 0 1 1 1 0 1 0 1 1 1 1 1 0 0 1 1 0 1 0 0 1 0 1 0 0 1 1 1 1 1 1 1 0 0 1 0 1 1 1 1 0 1 0 0 0 0 1 0 0 0 0 1 1 1 1 1 0 0 1 0 1 0 0 1 1 0 1 0 1 1 0 0 0 0 1 1 0 1 1 1 1 1 0 1 0 1 0 0 1 1 0 0 0 1 1 0 1 0 1 1 0 0 0 0 0 1 1 0
0 0 1 0 1 0 1 1 0 1 0 1 1 0 1 1 0 0 0 0 1 1 1 0 0 0 0 1 0 0 0 1 0 0 0 1 0 0 1 0 1 0 1 0 0 0 1 0 1 1 0 1 0 0 1 0 0 0 0 1 0 0 0 0 1 1 1 0 0 1 0 0 0 0 0 1 0 0 0 0 1 1 0 1 0 1 0 1 0 1 0 0 1 1 0 1 0 0 0 1 0 1 1 0 1 0 0 0 0 0 0 1 0 1 1 1 1 1 1 0 0 0 1 0 1 0 1 0 1 1 0 1 0 1 1 0 1 0 1 0 1 0 0 0 1 1 1 1 1 0 1 1 0 0 0 0 1 1 0 1 0 0 0 0 0 0 1 0 0
1 1 1 1 1 1 1 1 1 0 0 1 1 0 0 1 0 1 0 1 1 1 1 0 0 0 1 0 0 0 0 0 1 0 0 0 1 1 0 0 0 0 1 0 0 0 1 0 1 1 1 1 1 0 0 1 0 1 0 0 1 0 0 0 1 0 1 0 1 1 0 0 0 1 0 1 0 0 0 1 0 1 0 0 0 1 1 1 0 1 0 1 0 1 0 0 0 0 1 0 0 0 1 0 0 1 1 1 0 1 0 0 1 0 1 0 1 0 1 1 0 1 1 0 1 0 1 0 1 1 1 1 0 0 1 0 1 0 0 1 1 1 1 1 1 0 0 0 0 1 0 1 1 0 0 0 1 0 1 1 1 1 1 1 1 0 0 0 0
0 1 0 0 1 0 1 0 1 0 0 0 0 0 0 1 0 1 1 1 0 1 1 0 0 0 0 1 1 0 1 0 1 1 1 1 0 0 1 0 0 0 0 0 1 0 0 1 0 1 1 0 0 0 0 1 0 0 0 0 1 0 1 0 0 1 1 1 1 1 1 0 0 0 1 1 0 1 1 0 0 0 1 1 0 0 1 0 0 1 1 1 1 0 0 1 0 1 0 0 0 1 1 1 0 1 1 0 0 1 0 1 1 1 1 1 0 1 0 0 0 0 0 1 0 1 1 1 0 0 0 0 1 0 1 1 0 1 0 0 0 1 1 1 0 0 1 1 0 0 0 1 0 1 0 0 0 1 0 1 0 0 0 0 1 0 0 1 0
0 1 0 1 1 0 1 1 1 0 0 0 0 1 0 1 0 1 1 1 1 0 0 1 1 0 1 1 0 0 1 1 0 0 1 1 1 0 0 1 0 0 0 1 1 1 0 0 1 1 0 0 1 1 1 1 1 0 0 0 1 1 0 0 1 1 0 0 1 1 1 1 1 0 0 0 0 1 1 1 0 1 1 0 1 1 1 0 0 1 0 0 1 0 0 0 1 1 1 1 1 1 0 1 1 0 0 0 1 1 0 0 0 1 0 0 0 1 1 0 1 1 1 0 1 1 0 0 1 0 1 1 1 1 0 0 1 0 0 1 0 0 1 0 1 1 0 1 0 1 0 0 0 0 1 1 1 1 1 0 1 1 1 1 0 0 1 1 1
1 0 1 1 0 1 1 0 0 1 1 0 1 1 0 0 1 0 1 1 0 1 0 0 0 0 1 0 0 1 0 0 1 0 1 0 1 0 1 1 0 0 0 0 0 1 0 0 1 1 0 1 0 0 1 1 1 1 0 0 1 1 1 0 0 1 0 1 0 1 0 1 0 1 1 1 1 0 1 0 0 0 1 0 0 1 0 0 1 1 1 1 1 0 1 1 1 1 1 0 1 1 1 0 0 1 1 1 0 1 0 0 0 1 1 0 0 0 1 1 0 1 0 1 0 0 1 1 1 1 1 1 0 1 1 0 0 1 0 0 1 1 1 0 1 0 0 0 1 0 1 0 1 0 0 0 1 0 0 0 0 0 0 1 0 0 0 1 1
0 1 0 0 1 1 0 1 0 1 0 1 0 1 1 0 0 1 0 1 0 1 0 0 0 0 0 1 0 0 0 1 1 1 1 1 0 1 1 1 1 1 1 0 1 1 1 1 0 1 1 0 0 0 0 1 1 0 0 1 0 1 1 0 1 0 0 1 0 1 0 0 0 1 1 1 0 1 1 1 0 1 0 0 1 1 0 1 0 1 1 1 0 0 1 1 1 1 1 1 0 1 1 0 1 1 0 0 0 0 1 0 0 1 1 0 0 1 1 1 0 1 1 1 1 1 1 1 1 0 1 1 0 0 1 1 1 1 0 1 0 0 0 0 1 1 0 0 0 1 0 0 1 1 0 0 1 0 1 1 0 0 0 1 1 1 0 0 1
0 1 1 1 1 0 0 0 1 0 0 0 1 1 0 1 0 0 0 1 0 1 1 0 0 1 1 1 1 0 1 0 1 0 1 1 1 1 0 1 0 1 1 0 0 0 1 1 0 0 1 0 0 1 1 1 0 0 0 1 1 1 0 1 1 1 1 1 1 1 0 1 1 1 0 0 1 1 1 1 1 0 0 0 0 1 1 0 1 1 1 0 1 1 0 1 0 1 1 0 1 1 1 0 0 0 0 1 0 0 1 0 0 1 1 0 1 0 1 0 0 0 0 1 1 1 1 1 1 0 1 1 0 1 1 1 0 1 0 1 0 0 0 1 0 1 1 0 1 1 0 1 1 0 1 1 0 1 0 1 0 1 1 1 1 0 1 0 0
0 1 1 1 1 0 1 0 1 0 1 1 0 0 1 0 1 0 0 1 0 1 0 0 0 0 1 1 0 1 0 0 1 0 0 0 1 1 1 1 1 0 1 0 0 1 1 1 0 0 1 0 1 0 1 0 0 1 0 0 0 1 0 1 1 0 1 0 1 1 1 1 0 0 1 0 1 1 1 0 0 1 0 0 0 0 1 0 1 0 1 0 0 0 0 1 0 0 1 1 1 1 0 0 0 0 0 0 1 1 0 0 1 1 0 0 1 1 1 1 0 1 1 1 0 0 1 1 0 0 0 0 1 1 0 1 0 0 1 1 0 1 1 0 1 1 1 0 0 1 0 1 1 0 0 1 1 1 1 0 1 0 1 0 1 1 1 1 0
1 1 1 0 1 1 1 0 0 1 1 1 1 1 1 1 0 1 0 0 0 1 0 1 0 0 1 0 0 0 0 1 1 0 1 1 0 1 0 0 0 0 0 1 1 1 0 0 0 1 1 1 0 1 0 1 1 0 1 0 1 1 1 1 0 1 0 0 1 0 1 0 1 1 1 1 1 1 0 1 0 1 1 1 1 0 1 0 1 1 0 1 0 0 1 0 1 0 0 1 0 1 0 1 0 0 1 1 0 1 0 1 0 0 1 0 1 1 1 0 0 0 1 0 1 1 0 0 0 0 0 1 1 0 1 1 1 1 1 0 0 0 1 1 0 0 1 0 0 1 0 0 1 0 0 1 0 1 1 1 0 1 0 1 1 0 1 1 0
1 1 0 0 1 1 0 0 0 0 1 0 1 1 0 1 0 1 0 1 0 1 0 1 0 1 1 0 1 1 1 1 0 1 1 0 1 1 0 1 0 0 1 0 0 1 0 0 1 1 1 0 1 0 0 1 0 0 1 0 1 0 1 1 1 0 1 0 1 0 0 0 1 0 0 1 1 1 0 0 1 1 0 1 0 1 1 1 1 1 0 1 1 0 1 1 1 1 0 1 1 0 0 1 1 1 0 1 0 0 0 0 1 1 0 0 0 1 0 1 0 1 1 0 0 1 1 0 1 1 1 1 0 0 0 0 1 1 1 0 0 0 0 0 0 1 0 1 0 0 1 0 1 1 0 0 0 0 0 1 0 0 0 1 0 0 0 0 0
1 1 0 0 1 0 0 1 0 0 0 1 0 0 0 1 1 0 1 1 0 0 1 0 0 0 1 0 1 0 1 1 1 1 0 1 0 1 0 1 1 1 0 0 0 1 1 0 1 1 1 0 1 0 1 0 1 0 1 0 0 0 1 1 0 1 1 0 0 1 1 1 1 1 0 1 1 0 0 1 0 1 0 1 0 1 0 1 1 0 0 1 1 0 1 0 1 1 1 0 1 0 0 0 1 0 0 1 0 1 1 1 1 0 1 1 0 1 1 0 0 0 0 0 1 0 1 1 0 1 0 0 0 0 1 1 1 0 0 0 1 1 0 1 1 0 1 1 0 0 0 1 0 0 1 0 0 0 0 1 0 1 0 0 0 1 0 1 1
1 1 1 1 0 0 0 1 1 0 0 0 0 1 0 1 0 0 0 1 1 0 1 0 1 0 1 1 1 1 0 0 1 1 0 1 1 1 0 1 1 0 1 0 1 1 1 1 1 1 0 1 1 1 0 0 1 1 1 0 0 1 1 1 1 0 0 1 1 1 0 1 1 1 1 1 0 0 0 1 0 0 1 0 0 0 1 1 0 0 0 0 1 1 1 1 1 1 0 0 0 1 0 0 1 0 1 0 0 0 0 0 1 0 1 1 0 1 1 1 0 0 1 1 0 1 1 0 0 0 0 0 0 1 1 1 0 1 1 0 1 0 1 1 1 1 0 1 1 0 1 1 1 0 1 0 0 1 0 0 1 1 1 1 0 0 1 0 1
0 0 1 0 1 0 0 0 0 1 0 1 0 0 0 1 1 0 1 1 1 1 1 0 1 1 0 1 0 1 0 0 0 1 0 1 1 1 0 0 1 1 1 0 0 0 0 0 0 0 1 0 1 1 1 1 0 1 1 1 1 0 0 1 1 1 1 0 1 0 1 1 0 0 1 1 0 0 0 0 0 0 1 1 0 0 0 0 1 1 0 1 0 0 0 0 0 1 1 1 0 0 1 1 0 0 0 0 0 1 1 1 1 0 1 0 1 1 0 1 0 0 1 1 1 0 1 1 1 0 1 0 1 0 0 1 1 0 1 1 0 0 1 1 1 1 0 0 0 0 1 1 1 1 1 1 1 0 0 1 0 1 1 0 0 0 1 1 0
1 0 0 0 0 0 1 0 1 0 1 1 1 1 0 1 1 1 1 0 1 1 0 0 1 0 1 0 0 0 0 1 1 0 1 1 0 0 1 1 0 0 0 1 1 1 0 0 1 0 1 0 1 0 0 1 1 0 0 1 1 1 1 0 1 0 0 0 1 1 0 1 1 1 0 0 1 0 1 0 0 0 1 0 1 0 1 0 1 0 0 1 1 1 0 0 0 0 1 1 0 1 1 0 1 1 1 0 1 1 1 0 1 1 1 0 0 0 1 1 0 1 1 1 1 1 1 1 1 1 0 0 0 0 0 0 0 1 1 0 1 0 0 1 0 0 1 0 1 1 0 0 1 1 1 1 0 1 0 1 1 1 0 1 1 0 1 1 0
0 0 0 0 1 0 0 0 0 0 1 1 0 0 0 1 1 0 1 1 0 1 1 0 1 1 1 0 1 1 0 0 0 0 1 0 1 1 0 0 1 0 1 0 1 1 1 1 0 0 0 1 1 1 1 0 0 0 1 0 1 0 1 0 0 1 1 0 1 1 0 1 0 1 0 1 0 1 1 0 0 1 0 1 0 1 1 0 0 0 1 0 0 1 0 1 1 1 0 0 1 0 1 0 0 1 1 0 0 1 1 1 0 1 1 0 1 1 0 0 0 1 1 1 0 0 0 0 1 1 1 0 0 1 0 0 1 0 0 0 0 1 0 0 1 1 0 0 1 0 1 1 1 1 1 1 0 0 0 0 1 1 0 0 1 0 0 0 0
0 0 1 0 0 1 0 1 1 1 0 1 0 0 0 1 1 1 1 1 1 0 0 0 1 1 0 1 1 1 0 0 1 1 0 1 1 1 0 0 1 1 1 0 1 1 0 1 0 0 1 0 1 0 0 0 1 1 1 0 0 1 1 1 0 1 0 0 1 1 1 1 1 0 0 1 1 0 0 0 0 1 0 1 0 1 1 1 1 0 0 0 1 0 0 0 1 1 1 1 1 0 0 1 1 0 0 0 0 1 1 0 0 0 0 0 0 1 1 0 1 0 0 0 1 1 0 0 1 1 0 1 1 1 0 1 1 0 0 1 1 0 0 1 0 1 0 0 0 0 1 0 1 0 1 1 1 1 0 1 0 0 1 1 0 1 0 1 1
0 1 1 0 1 1 0 0 1 1 0 0 0 1 0 1 0 0 0 1 0 1 1 1 0 1 1 0 0 1 1 0 0 0 1 0 1 1 0 0 0 0 0 1 0 0 0 0 1 0 1 0 0 0 1 0 1 0 1 0 0 0 1 0 1 0 1 0 1 1 0 0 0 0 1 0 1 1 0 0 0 0 1 0 1 0 0 0 0 1 0 0 1 1 0 0 0 1 0 0 0 0 1 0 0 1 0 1 1 1 0 0 0 1 0 1 1 0 1 1 1 1 1 1 0 1 0 1 1 0 1 0 0 1 1 0 0 0 1 0 0 1 0 1 1 1 1 1 1 0 0 0 0 1 1 1 1 1 1 1 0 0 0 0 1 1 0 1 1
0 1 1 0 1 0 1 0 1 1 0 0 1 1 1 0 0 1 1 0 0 0 0 1 0 0 0 0 1 1 1 1 0 1 0 0 0 0 0 0 1 0 0 0 0 0 1 1 0 1 1 1 1 1 1 0 1 0 1 0 0 1 1 0 0 1 0 0 1 0 1 1 0 1 0 1 0 1 0 1 0 1 0 0 1 1 1 0 0 0 0 0 0 0 0 1 0 0 1 0 1 0 0 1 0 0 0 0 0 0 0 1 0 0 0 0 1 1 0 0 0 1 1 0 0 1 1 0 0 1 0 1 1 1 0 1 0 0 1 1 1 1 1 1 1 1 0 0 1 1 1 0 1 1 1 0 0 1 1 1 0 0 1 0 0 0 1 1 1
0 0 0 0 0 1 0 1 0 0 1 0 0 0 0 0 1 0 0 0 0 0 1 1 1 1 1 1 0 0 1 1 0 1 0 1 1 1 0 1 0 0 1 1 1 1 0 0 0 0 0 1 1 1 1 1 1 0 0 1 1 1 0 1 1 0 1 1 0 0 1 0 0 0 0 1 1 0 1 0 0 1 1 0 1 1 1 1 1 1 1 1 1 0 1 1 0 0 0 0 1 0 0 0 0 0 1 1 0 1 0 1 0 0 0 1 0 0 1 1 0 0 0 1 1 1 1 0 1 0 1 0 0 0 1 0 1 1 0 0 0 0 1 0 1 1 0 1 0 1 1 1 0 0 1 0 0 0 0 0 1 0 0 0 0 0 1 0 0
0 1 1 0 1 0 0 1 1 0 0 0 0 1 1 0 1 0 1 1 0 0 0 1 1 0 1 0 0 0 1 1 1 1 0 1 1 1 1 0 0 0 1 1 1 0 1 1 0 1 1 0 1 1 1 1 1 1 1 0 0 0 1 0 1 0 0 0 0 1 0 0 1 0 0 0 0 1 0 1 1 0 1 0 0 1 0 1 0 0 0 1 0 0 1 0 0 1 1 1 1 0 1 1 0 0 0 0 1 0 1 1 0 1 0 0 0 1 0 0 0 1 1 0 0 0 0 0 0 0 0 0 1 0 1 1 1 1 0 1 1 1 1 1 1 0 1 0 1 1 0 1 1 0 0 1 1 0 1 1 1 1 1 1 0 0 0 0 0
0 1 1 0 0 0 0 0 1 1 1 1 1 1 1 1 0 0 1 1 1 1 0 1 1 1 0 0 1 1 0 1 1 0 1 1 0 1 1 1 1 0 1 1 1 1 1 0 1 0 0 1 1 0 1 1 0 1 1 0 1 1 1 1 0 1 0 1 0 1 0 0 1 1 0 0 0 1 1 0 1 1 1 0 0 1 0 1 0 1 1 1 0 0 0 0 0 1 0 0 0 1 1 0 0 0 1 0 0 0 1 0 0 0 1 0 1 0 0 0 0 0 1 1 1 1 0 1 1 0 0 0 0 0 1 1 0 1 0 0 1 1 0 0 1 0 0 1 0 0 0 1 0 0 0 1 0 0 0 0 1 0 1 1 0 0 1 1 1
1 1 0 0 1 1 1 1 0 1 0 0 1 0 0 0 0 0 1 1 0 0 0 0 0 1 1 0 0 0 0 0 1 0 0 0 1 0 0 0 0 1 0 1 0 1 1 1 0 0 1 0 1 0 1 1 1 1 1 1 0 1 0 1 1 0 0 1 0 0 1 0 1 0 1 1 0 0 0 0 1 0 1 0 0 1 1 1 1 0 0 0 1 0 1 0 0 0 0 1 0 0 0 1 1 1 0 1 1 1 1 1 0 1 1 1 0 0 1 0 0 0 0 1 1 1 1 0 0 0 0 1 0 0 0 0 0 0 1 1 0 1 0 0 0 0 1 1 0 0 1 0 1 1 0 0 1 1 0 0 0 1 0 1 1 1 1 0 1
0 0 0 1 1 1 1 0 1 1 0 1 0 0 1 0 0 0 0 0 1 1 0 0 0 0 1 0 0 0 1 1 0 1 0 1 1 1 0 0 1 0 0 1 0 0 0 0 0 0 1 1 1 0 0 1 1 0 1 0 1 1 1 0 0 0 1 0 0 0 1 1 0 0 0 1 0 0 1 1 0 0 1 1 0 0 0 0 1 1 0 0 0 1 0 0 1 1 0 1 0 0 0 1 1 0 1 1 1 0 0 1 1 1 1 0 1 0 0 1 0 1 1 1 0 0 1 0 1 0 1 1 0 1 0 1 1 1 0 1 0 0 0 1 1 1 1 1 1 0 1 1 1 0 0 0 0 0 0 0 1 1 0 1 1 1 0 1 0
1 1 0 1 0 0 0 0 1 0 1 0 0 0 0 1 0 1 0 1 1 1 1 0 1 0 0 1 0 1 0 1 0 0 1 1 0 0 0 1 1 0 1 0 1 1 1 0 1 0 1 1 0 1 1 1 0 1 1 1 0 1 1 1 1 0 0 0 1 0 1 1 0 1 1 0 0 0 0 1 0 0 0 1 1 1 0 0 0 1 0 1 0 1 0 0 1 1 1 1 1 1 0 0 0 0 1 1 1 0 0 1 0 0 0 0 1 1 0 1 1 1 0 0 0 1 0 1 0 1 1 1 1 1 1 1 1 1 1 0 1 1 0 0 1 0 0 0 0 1 1 0 1 1 1 1 1 1 1 1 1 1 1 0 1 0 1 1 1
0 1 1 0 1 1 0 0 0 1 0 1 0 0 1 0 0 1 0 0 0 0 0 0 1 1 1 0 0 1 0 0 0 0 0 0 1 0 0 1 0 0 0 0 0 0 0 0 0 1 0 1 0 1 0 1 0 0 1 0 0 0 1 1 0 0 0 1 1 0 1 0 0 0 1 1 1 1 0 0 1 0 0 0 1 1 0 0 0 0 1 1 1 1 1 0 0 0 0 1 1 0 0 1 1 1 0 1 1 0 0 0 0 0 0 0 1 1 1 1 1 1 1 0 1 1 0 0 0 0 1 0 0 0 0 0 0 0 1 1 1 1 1 1 1 1 1 0 1 0 0 0 0 1 1 1 0 1 0 1 0 0 0 1 0 1 1 1 1
1 0 1 1 0 1 1 1 0 0 0 0 1 0 1 1 1 0 1 0 1 0 0 0 1 1 0 0 0 1 1 0 1 0 0 1 1 1 1 0 1 1 1 0 0 1 0 1 1 1 0 0 0 1 1 1 0 0 0 0 0 1 0 0 0 1 0 1 0 1 1 0 1 1 1 1 0 1 0 0 0 0 1 1 1 0 1 0 1 0 0 0 0 0 1 1 0 1 1 1 0 1 0 0 1 0 0 1 1 1 1 0 0 0 0 0 1 0 0 1 0 0 0 1 1 0 1 1 1 0 1 0 1 1 0 0 0 1 0 1 1 0 1 0 0 0 1 0 1 1 1 0 0 0 0 1 0 0 0 1 0 1 0 1 1 0 0 0 1
1 1 0 1 0 0 0 1 0 0 0 0 1 0 1 1 1 0 1 1 1 0 1 1 1 0 1 0 0 0 1 1 0 1 1 0 0 0 0 0 1 1 1 1 1 0 1 0 0 0 1 1 1 1 0 0 0 1 0 1 1 1 1 1 1 0 1 1 1 1 1 0 0 1 0 0 0 1 1 0 1 1 1 0 1 1 0 1 0 1 0 1 0 1 0 0 0 0 1 1 1 1 1 0 1 0 0 0 0 0 1 0 0 0 0 0 0 1 1 1 1 1 0 1 0 0 1 0 0 0 0 0 0 1 0 1 1 1 1 1 0 0 1 1 0 1 0 0 0 1 0 1 1 1 0 0 1 0 0 0 0 0 1 0 1 1 1 1 0
0 1 0 1 0 1 1 1 1 1 1 1 0 1 0 1 0 0 0 0 1 0 1 0 0 1 0 0 1 0 1 1 0 0 1 1 1 1 1 1 0 0 1 0 0 0 1 0 1 1 1 0 0 1 0 1 0 0 0 1 1 0 1 1 1 1 1 1 1 0 1 0 0 1 0 1 0 0 0 1 1 1 0 1 0 1 0 0 0 0 1 0 1 1 1 0 1 1 1 0 1 1 0 1 1 0 1 0 0 1 1 1 1 1 1 1 1 1 0 1 0 0 0 0 1 1 0 1 1 0 1 0 1 0 0 0 0 0 0 1 1 1 1 0 1 1 1 1 0 1 1 1 0 0 0 1 1 1 1 0 1 0 0 1 1 1 0 0 1
1 0 1 1 1 0 0 0 1 1 1 1 0 1 1 1 0 0 0 1 1 0 0 0 1 0 0 1 1 1 0 1 0 1 0 1 1 1 1 1 0 0 1 0 0 1 1 1 1 0 0 1 1 1 0 0 0 0 0 1 0 0 1 0 1 1 1 1 0 1 0 0 0 1 1 1 1 0 0 0 1 1 0 0 0 1 1 0 0 0 0 1 0 0 1 1 0 1 1 0 0 1 0 0 1 0 0 0 0 1 1 0 1 1 0 0 1 0 1 0 1 1 0 1 0 1 0 0 0 0 0 0 1 0 0 1 0 0 0 1 1 1 0 1 1 0 0 1 1 1 0 0 1 0 1 1 0 0 0 1 1 0 1 1 0 0 0 1 0
1 0 1 0 1 1 1 1 1 0 1 1 1 0 0 0 0 0 1 1 1 1 1 0 1 1 1 1 0 0 0 1 0 1 0 0 0 1 0 0 1 0 0 0 1 1 0 0 0 1 0 1 0 1 1 1 0 0 0 1 0 1 1 1 1 0 1 1 1 1 0 0 1 0 0 1 0 1 1 0 0 1 0 0 0 1 1 0 1 1 0 0 1 0 0 0 1 1 1 1 1 1 1 1 0 0 1 1 1 1 1 1 1 0 1 1 0 0 0 0 1 1 1 0 1 0 0 0 1 0 0 1 0 0 0 0 0 0 0 1 1 0 0 1 0 1 1 0 0 1 0 1 1 0 0 0 1 1 0 0 1 1 0 1 1 1 1 1 1
0 1 1 0 1 1 0 0 1 0 1 0 0 1 1 0 1 1 0 0 1 0 1 0 0 0 0 1 1 1 0 0 1 0 1 1 0 0 1 1 0 0 1 1 0 1 0 1 1 0 0 0 0 0 1 0 1 1 0 1 0 1 0 1 0 1 1 1 1 0 0 1 1 1 1 1 1 0 1 0 0 1 1 1 0 0 0 0 1 1 1 0 0 0 0 1 0 0 0 1 1 0 1 0 0 0 0 1 0 0 1 0 0 0 0 0 1 0 0 0 1 1 0 1 0 1 0 1 1 1 1 0 1 0 1 0 0 1 1 1 0 1 0 1 0 1 0 1 1 0 0 1 0 1 1 1 1 0 0 1 1 0 0 1 0 1 0 0 0
0 1 1 1 1 0 0 1 0 1 1 0 0 1 0 0 1 0 0 0 0 0 1 1 1 1 1 1 1 0 0 0 1 1 0 0 0 0 1 0 1 1 1 0 1 1 0 1 1 0 1 1 0 0 0 0 0 0 1 0 1 0 1 1 0 0 1 1 1 0 1 1 1 0 0 0 1 0 0 0 1 0 1 1 0 0 0 0 0 0 1 1 1 1 1 0 1 1 0 1 0 0 1 0 0 0 1 1 0 0 0 0 1 0 1 1 1 0 0 0 1 1 0 1 0 1 0 1 0 0 1 1 1 1 0 1 1 0 1 0 0 0 1 0 1 0 0 1 1 0 1 1 0 1 0 1 1 0 1 1 1 1 1 1 0 1 1 0 1
0 1 1 1 0 1 1 1 0 1 1 0 0 1 1 0 1 1 1 1 0 1 1 1 0 0 0 1 0 0 1 1 0 0 0 1 0 1 1 0 0 1 0 1 0 0 1 0 0 0 0 1 0 0 1 0 0 1 1 1 1 0 0 0 0 0 0 0 1 1 0 0 1 1 1 0 1 0 0 1 0 0 0 1 0 0 0 1 0 1 0 1 1 0 1 0 1 0 0 0 1 0 1 1 0 0 1 0 0 1 0 1 1 1 0 0 0 0 0 1 1 1 0 1 0 1 0 0 1 1 0 0 1 1 1 1 1 0 0 1 1 0 0 1 0 0 1 0 1 0 0 0 0 0 1 0 0 0 0 1 0 0 1 0 0 0 0 0 0
0 0 0 0 0 1 1 1 1 1 0 1 1 1 0 0 1 0 0 1 0 0 1 1 0 0 0 1 1 1 0 0 1 1 1 0 1 1 0 0 1 1 0 1 0 1 0 0 1 0 1 1 0 1 1 1 0 1 0 0 1 1 1 1 0 1 0 1 0 0 0 1 0 0 1 1 0 0 1 1 0 1 1 1 1 1 1 0 1 1 0 1 0 0 0 1 0 0 1 1 1 1 0 1 1 1 0 1 0 1 1 0 1 0 0 0 0 0 1 0 1 1 0 0 1 0 1 1 0 0 0 0 0 1 1 0 1 0 1 0 1 0 1 1 1 0 0 0 1 1 1 0 1 1 0 1 1 0 1 1 1 1 0 1 1 1 1 0 1
1 1 0 0 1 1 0 1 1 1 1 1 1 0 0 1 0 1 0 1 1 0 1 1 1 0 1 1 0 1 1 0 1 0 0 1 0 1 0 0 1 0 1 1 1 0 0 1 1 1 1 0 0 1 0 1 1 0 0 0 0 1 1 0 1 1 0 1 0 1 1 1 0 1 1 0 1 0 0 0 0 1 1 1 0 0 1 0 0 1 0 1 1 0 1 0 1 0 0 1 0 1 1 1 0 1 0 1 1 0 1 1 0 1 1 1 1 0 0 1 1 1 1 0 0 0 0 0 0 0 1 0 0 1 1 0 1 1 0 1 1 1 0 0 1 0 1 1 1 1 1 1 0 0 0 0 0 0 1 0 1 0 1 1 0 1 1 1 1
0 1 1 0 1 1 1 0 0 1 1 1 0 0 1 1 0 0 0 1 1 0 1 0 1 0 1 0 0 0 0 0 1 1 0 1 0 0 1 0 0 0 0 0 1 1 0 1 1 1 1 0 0 1 0 0 0 1 1 1 0 0 1 0 0 1 0 1 1 1 0 1 0 0 1 0 1 1 1 1 0 1 0 0 0 1 0 0 1 0 1 1 0 1 1 1 0 1 0 1 1 1 1 0 1 1 1 0 0 1 1 0 1 0 0 1 1 0 0 0 1 1 0 0 1 0 1 1 0 1 0 1 0 1 1 1 1 0 1 1 0 1 0 0 1 1 0 0 0 0 0 1 0 1 0 1 1 1 1 0 0 0 0 1 1 0 1 1 1
1 0 1 1 1 1 1 1 0 0 1 0 0 0 1 1 0 0 1 0 0 1 1 1 1 1 1 0 1 0 1 1 0 1 1 1 0 1 1 1 1 1 1 1 0 1 1 0 1 0 0 1 0 0 1 1 0 0 1 1 1 1 1 1 0 0 0 1 0 1 0 1 1 1 1 0 1 1 0 0 0 1 0 1 0 0 1 0 1 1 0 0 1 1 0 1 1 0 0 0 1 0 0 1 0 0 1 1 1 1 0 0 1 0 0 0 1 0 1 0 1 1 1 1 0 1 1 1 0 0 0 0 0 1 1 1 1 1 0 0 0 0 0 0 1 1 0 1 0 0 1 1 0 0 0 0 1 1 0 1 1 1 1 0 1 1 1 1 0
1 1 0 1 0 0 1 0 1 0 0 0 0 0 0 0 1 1 1 0 0 0 1 0 0 1 0 0 0 0 1 1 0 0 1 0 1 1 1 1 0 0 1 0 1 1 1 1 0 0 0 1 0 0 0 0 0 0 0 0 1 1 0 1 0 1 0 0 0 0 1 0 1 1 0 1 0 0 1 0 0 0 0 1 1 0 0 1 0 1 0 0 1 1 0 0 0 0 1 1 1 0 1 1 0 0 1 0 1 0 1 0 0 1 1 0 0 0 1 1 1 1 0 0 1 1 1 1 0 1 1 1 1 1 0 1 0 1 0 1 0 0 1 1 0 1 0 0 0 1 1 1 0 1 0 0 0 1 1 0 1 0 0 1 1 1 1 0 0
0 0 0 0 0 1 1 1 1 0 0 1 0 0 1 1 1 1 0 1 1 0 1 0 1 0 1 1 0 1 0 0 1 1 1 1 1 1 0 1 0 1 0 0 0 0 1 1 0 1 0 1 0 0 1 0 0 1 1 1 0 1 0 0 1 0 1 0 0 1 1 1 0 1 1 1 0 1 0 1 1 1 1 1 1 1 0 0 1 1 0 1 1 1 0 1 0 0 1 0 1 0 0 1 0 1 1 0 0 1 1 0 0 0 0 0 1 0 0 1 0 1 0 1 0 0 0 1 0 1 0 0 1 0 1 0 1 0 0 0 0 1 0 1 0 0 1 0 0 1 0 0 1 1 1 0 0 0 1 1 0 1 1 1 1 0 1 1 1
0 1 1 1 1 1 1 1 1 0 0 0 1 1 1 0 0 0 0 0 1 0 0 1 0 1 0 1 0 1 1 0 0 0 1 0 1 1 1 1 0 0 1 1 1 0 1 0 0 1 0 0 0 1 1 1 0 1 0 1 1 1 1 1 0 1 0 1 1 0 1 1 0 1 0 1 1 1 0 0 0 1 0 0 0 0 1 0 0 0 1 0 1 1 0 1 0 1 1 1 1 0 0 1 1 1 0 0 1 0 0 1 0 0 0 1 0 1 1 1 1 1 0 1 1 0 1 1 0 0 0 1 1 1 0 1 0 1 0 0 0 1 0 1 0 0 1 0 1 0 0 0 1 0 0 1 1 0 0 0 0 0 0 1 1 0 1 1 1
1 1 1 1 0 1 0 1 0 0 0 1 0 1 1 1 1 0 0 0 1 0 0 0 0 1 0 0 0 0 0 0 1 1 1 0 0 1 1 1 0 1 1 0 0 0 0 1 1 1 1 0 1 0 1 1 0 0 0 0 0 0 1 1 0 1 1 0 1 0 1 1 0 0 0 1 0 0 0 1 0 0 1 0 1 1 0 1 1 0 0 0 1 1 1 0 1 0 0 1 1 1 0 1 1 0 0 0 0 1 1 1 0 0 0 0 0 0 0 1 1 0 1 0 0 1 0 1 0 1 1 1 0 0 1 0 0 1 1 1 1 1 0 0 0 1 1 0 1 0 1 0 0 1 1 1 0 1 0 0 1 1 0 0 1 0 1 0 0
0 0 0 1 1 0 0 0 0 0 0 1 0 0 0 1 1 1 1 0 1 0 1 0 1 1 0 0 0 0 1 0 0 1 1 0 0 0 0 1 1 0 0 1 0 0 1 0 1 0 1 1 0 1 1 1 0 1 1 1 1 1 1 1 0 0 0 1 0 0 0 1 0 1 0 0 1 1 1 0 1 0 1 1 1 1 0 1 1 1 1 1 0 1 0 0 1 0 1 1 1 1 1 0 0 0 0 1 1 0 0 1 0 1 0 0 1 1 0 1 1 0 0 1 0 0 1 0 0 1 1 1 0 0 1 1 0 0 1 1 0 0 1 1 0 1 0 1 1 0 1 1 0 0 1 1 0 1 1 0 0 1 0 1 1 0 0 0 1
1 1 0 1 1 0 1 0 1 0 0 0 0 1 1 1 0 0 1 0 1 0 0 1 0 0 1 1 0 0 1 0 0 0 0 1 1 1 1 1 1 0 1 1 0 0 0 1 1 1 0 1 0 1 0 0 1 1 1 1 0 1 1 1 0 0 0 0 1 1 1 0 1 0 1 0 1 0 0 1 1 0 0 0 0 0 0 0 1 1 1 0 0 0 1 0 0 1 1 0 0 0 0 0 0 0 0 0 1 0 1 0 0 1 1 0 0 1 1 0 1 0 1 1 0 1 0 1 0 1 0 0 1 0 1 1 1 0 1 1 1 0 0 1 1 0 0 0 1 0 0 1 1 0 1 1 1 1 1 1 0 0 1 0 1 1 1 0 0
1 0 1 0 1 1 1 1 1 1 1 0 1 1 0 1 1 1 1 0 0 1 1 1 0 0 1 0 0 0 0 1 0 1 1 0 1 0 0 0 1 0 0 0 1 0 0 0 1 1 1 0 1 1 0 0 0 1 1 0 1 0 0 1 1 1 0 1 1 0 1 0 0 0 0 1 0 1 0 1 1 0 0 1 0 0 1 1 0 0 0 0 0 1 1 1 1 0 0 0 1 0 1 1 0 1 0 1 1 1 1 0 1 1 1 1 0 1 0 1 1 1 1 1 0 1 0 0 0 1 1 0 0 0 1 1 0 1 0 1 1 0 1 0 1 1 1 1 1 0 1 1 0 0 1 1 1 0 0 1 0 0 0 0 0 0 0 1 0
1 1 0 0 0 1 0 1 0 1 0 0 1 1 1 1 1 0 1 1 0 0 0 1 1 1 0 0 0 1 0 0 0 0 0 0 0 0 0 1 1 0 1 1 0 0 0 0 0 0 0 0 1 1 1 1 1 1 0 0 0 1 0 0 0 0 0 1 1 1 1 1 0 1 0 1 0 1 1 0 0 0 0 0 1 1 1 0 0 0 0 1 1 1 1 1 1 0 1 1 1 1 0 1 1 0 1 0 0 1 0 0 0 0 0 0 0 1 1 1 0 0 0 1 0 0 1 1 1 1 1 1 0 0 1 0 1 0 0 1 1 1 0 0 1 1 1 1 0 0 0 0 1 1 0 0 1 0 1 1 1 0 1 0 0 0 1 0 0
1 1 1 0 0 0 1 1 0 1 1 1 1 0 0 0 1 0 0 0 0 1 1 1 1 1 0 1 0 0 1 0 0 0 1 0 1 0 1 0 0 1 1 0 1 1 0 0 1 0 1 0 1 1 0 1 1 0 0 1 0 1 1 1 1 1 0 0 1 0 0 1 0 0 1 0 1 1 0 1 0 0 0 1 0 0 1 0 1 1 0 0 1 1 0 0 0 0 0 1 0 1 0 0 0 0 1 1 0 0 0 1 0 0 0 1 0 1 0 0 0 0 0 0 0 0 0 0 1 1 0 0 1 0 1 1 1 1 1 1 0 0 0 0 0 0 1 1 0 0 1 0 1 0 0 1 0 1 1 1 1 1 0 1 1 0 1 1 1
0 1 1 0 1 0 1 0 0 0 1 1 1 1 1 1 0 0 1 0 0 1 1 0 1 0 0 1 0 1 1 1 0 1 1 0 1 1 1 0 1 1 1 1 1 0 0 1 0 1 0 1 0 0 0 0 0 0 0 0 0 1 1 1 1 1 1 0 0 1 0 1 0 0 0 1 0 1 1 0 0 1 0 1 0 1 1 0 0 0 1 1 0 0 0 0 0 0 1 1 1 0 0 0 1 1 1 0 0 0 1 1 0 1 0 1 1 0 0 0 1 0 1 1 1 1 1 1 0 0 0 0 1 1 1 1 1 0 0 1 1 0 1 0 1 0 1 1 1 1 1 1 0 0 1 0 0 0 1 1 0 1 1 1 1 0 0 1 1
1 1 1 0 1 1 0 1 0 0 0 0 0 1 0 0 0 1 1 1 1 0 1 0 1 0 0 1 1 1 0 1 1 0 1 0 1 1 0 0 1 1 0 0 1 1 1 0 0 0 0 1 0 1 1 0 0 1 0 1 0 0 0 0 0 1 0 1 0 0 1 1 1 0 0 1 0 1 0 0 1 0 1 1 1 0 0 0 0 0 1 0 0 0 0 0 1 1 1 1 1 0 0 0 0 0 1 1 1 1 0 0 1 1 1 1 1 1 1 0 1 0 0 1 1 0 1 0 1 1 1 0 0 1 0 0 1 1 1 1 1 0 1 0 0 0 1 1 0 1 1 0 0 0 1 1 1 0 0 1 0 1 0 1 0 0 0 0 1
1 1 0 0 0 0 0 0 1 0 0 1 0 1 1 0 1 0 0 1 0 0 1 0 1 1 0 0 0 0 0 0 1 1 1 0 1 0 0 1 0 1 0 0 0 0 0 1 0 1 0 1 0 1 1 0 0 1 1 0 1 1 1 1 1 0 0 1 1 0 0 1 0 0 1 0 0 1 0 0 0 0 1 1 0 1 0 1 0 1 1 0 1 0 0 0 0 0 1 1 1 1 0 0 0 1 1 1 0 1 1 1 0 0 1 1 0 1 0 1 1 0 1 0 0 0 0 1 0 0 1 0 0 0 0 1 1 0 1 1 0 1 1 0 1 0 0 1 0 1 0 1 0 1 1 0 0 0 1 0 1 1 1 0 0 0 1 0 0
0 1 1 1 1 1 1 0 1 1 0 0 0 0 1 1 1 0 1 0 1 1 1 0 0 0 1 1 0 0 1 0 1 0 1 1 0 0 1 1 1 1 1 0 1 1 1 0 0 0 0 1 0 1 0 1 0 0 1 1 0 0 0 0 1 1 0 1 1 1 0 0 1 1 0 0 1 0 1 0 1 0 1 1 1 0 0 1 1 1 1 1 1 1 1 1 0 1 1 1 1 0 1 0 0 1 0 1 1 1 1 0 1 1 1 0 1 1 1 0 0 1 1 1 1 1 0 0 1 0 0 1 1 1 1 1 1 0 1 0 1 1 1 0 1 1 0 0 0 0 1 0 1 1 1 1 0 1 1 1 0 0 0 0 0 0 0 1 1
0 1 1 0 0 1 0 0 1 0 0 1 1 0 0 0 1 1 0 0 0 0 0 0 1 0 0 1 1 1 1 0 0 0 0 0 1 1 0 1 0 1 1 0 0 1 0 0 1 1 1 1 1 0 1 1 1 1 0 1 0 1 1 1 1 0 0 0 1 0 0 1 0 1 0 0 1 1 0 0 1 1 0 0 0 1 1 0 0 0 0 0 1 1 1 0 1 1 1 0 1 0 1 1 0 0 0 0 0 1 0 0 0 1 1 0 1 0 1 0 1 1 0 1 0 0 0 0 1 0 1 1 1 1 0 0 1 1 0 0 0 0 1 0 0 0 1 0 0 0 0 0 1 1 1 0 1 0 1 1 1 1 1 0 1 1 1 0 1
0 1 1 0 0 0 1 1 0 0 0 1 1 1 1 1 0 1 1 0 0 0 0 0 1 1 1 1 0 0 0 1 0 0 1 1 0 1 0 1 1 0 1 0 1 1 0 1 0 0 1 1 0 1 0 1 1 1 1 1 0 0 1 1 0 0 1 1 0 0 1 1 1 1 0 1 1 1 0 0 1 1 1 0 0 0 1 0 1 0 0 1 1 1 0 0 0 1 1 1 0 0 1 0 0 0 0 0 0 0 1 0 1 0 1 0 0 0 0 0 1 0 1 0 0 1 0 1 0 1 0 1 0 1 1 0 0 0 0 1 0 1 0 0 0 1 0 0 0 1 1 0 1 0 0 1 1 1 0 0 1 1 1 0 0 1 0 0 1
1 0 1 0 0 0 1 0 1 0 0 0 1 1 0 1 0 0 1 1 1 1 0 0 1 1 1 0 1 1 1 1 1 1 1 0 1 0 1 1 0 0 0 0 1 0 1 0 0 0 0 0 1 1 1 1 1 1 0 0 1 0 1 0 0 1 0 0 1 1 1 1 1 0 0 0 1 1 0 0 1 1 1 1 0 1 0 1 0 1 0 1 1 1 1 1 1 1 0 0 0 0 1 1 0 1 1 1 0 1 1 1 1 0 0 0 1 0 0 0 0 0 1 1 0 1 1 0 1 1 1 0 0 0 0 1 1 0 1 1 0 1 0 1 0 1 1 0 0 1 1 0 0 0 0 1 1 0 0 1 1 0 0 0 0 1 1 1 1
1 0 1 1 0 0 0 1 1 0 1 1 1 0 1 0 0 0 0 1 1 1 0 0 1 0 0 0 0 0 1 0 1 1 0 0 1 0 0 1 0 0 0 0 1 0 1 0 0 1 0 1 1 0 1 1 1 0 1 1 1 0 1 0 0 1 0 1 1 1 1 1 1 1 1 1 0 0 0 1 1 0 1 0 1 0 0 1 1 0 1 1 1 0 0 0 1 0 1 1 0 0 1 0 0 1 1 1 1 0 0 1 0 0 0 1 0 0 1 1 1 0 1 0 0 0 1 1 0 1 0 0 1 1 0 1 0 1 0 1 1 0 0 0 1 1 0 1 1 0 1 0 0 0 0 1 0 1 0 1 0 0 0 0 1 0 1 1 0
0 0 1 0 1 0 1 1 0 1 1 1 0 0 0 0 0 0 0 1 1 0 0 0 0 1 0 1 0 0 1 1 0 1 1 1 0 1 0 0 0 0 1 0 1 0 1 1 0 1 1 0 1 1 0 1 0 0 0 0 0 0 0 0 0 1 0 1 1 0 1 1 1 1 1 1 1 1 0 0 0 0 1 1 0 1 1 0 0 1 0 1 0 0 0 1 1 1 0 1 1 1 1 0 1 0 1 1 0 1 1 0 0 0 1 0 0 0 0 0 1 0 1 1 1 0 1 1 1 0 1 0 1 0 1 0 1 1 0 1 0 0 0 0 0 1 0 1 0 0 0 0 0 1 1 0 0 0 1 1 0 0 0 1 1 1 1 0 0
0 1 0 0 0 0 1 1 0 0 1 1 1 1 0 0 0 0 1 1 1 1 0 1 0 1 1 0 0 1 1 1 1 0 1 0 1 1 1 0 1 1 0 1 1 1 1 1 1 1 1 1 0 0 1 0 0 0 0 1 0 1 0 0 0 1 1 1 1 1 0 0 0 1 0 0 1 1 0 1 1 1 1 1 1 0 1 1 0 0 1 0 1 1 1 0 0 0 1 0 1 1 0 1 1 0 1 0 1 1 0 1 0 0 1 1 1 1 1 0 0 0 1 1 1 1 1 0 1 0 0 0 1 0 0 1 0 1 0 1 1 1 0 0 1 0 1 1 0 1 0 0 0 0 1 1 0 1 0 0 0 1 0 1 1 0 0 1 1
0 1 1 1 0 1 0 1 1 1 0 0 0 1 1 0 0 0 1 0 0 0 1 0 1 0 1 1 1 0 0 1 1 1 0 1 0 0 0 0 1 1 1 1 1 0 0 1 0 1 0 1 1 0 1 1 1 1 1 1 1 0 0 0 0 0 0 1 1 1 1 0 0 0 1 1 1 0 0 1 0 1 1 1 1 1 1 1 0 0 0 0 0 1 0 1 0 1 1 1 0 1 1 1 0 0 1 0 0 0 0 1 1 1 0 0 0 0 0 1 0 0 1 1 1 1 1 1 1 1 1 0 0 0 1 1 1 0 1 1 0 1 0 0 0 0 1 0 1 0 0 0 1 0 0 0 1 1 0 0 1 1 0 1 0 0 0 1 1
1 1 0 0 0 0 0 1 0 1 0 0 1 1 0 1 1 0 0 0 1 1 0 0 0 0 0 1 0 0 1 0 0 0 0 0 0 0 1 0 0 1 0 1 1 0 0 0 1 0 1 0 0 0 1 0 1 0 0 0 1 1 1 1 0 1 0 0 0 0 0 0 1 1 0 1 1 0 0 0 1 0 1 0 1 0 1 0 1 1 1 0 1 0 1 1 0 0 0 1 0 0 0 1 0 0 0 0 1 0 0 1 0 0 0 0 1 0 1 1 0 0 1 0 0 0 1 0 1 0 0 0 1 1 1 1 0 1 0 0 0 1 0 1 1 1 0 0 1 1 0 0 1 1 0 1 1 0 1 0 1 0 1 1 0 0 0 1 0
0 0 1 1 1 0 0 1 0 1 1 0 1 0 1 1 0 0 1 0 1 1 0 1 0 0 1 0 0 1 1 1 0 0 0 1 0 0 0 1 0 1 1 1 1 0 0 1 0 0 0 0 1 1 0 1 0 1 1 0 1 0 1 1 0 1 0 1 1 0 0 0 1 1 1 0 0 0 0 0 0 0 0 1 0 1 0 0 1 1 0 1 1 1 0 1 0 1 1 1 1 1 1 0 1 1 1 0 0 0 1 1 0 1 0 1 1 1 0 0 1 0 0 0 1 0 1 1 0 1 1 0 1 1 1 0 0 0 1 0 1 0 1 1 1 0 1 1 1 0 1 1 0 0 0 0 0 1 0 1 1 1 0 0 1 1 0 0 0
1 0 1 0 0 1 0 0 1 1 0 0 0 0 1 0 1 0 0 1 0 1 0 0 0 1 1 1 0 1 1 1 0 0 0 0 1 1 1 1 0 0 0 1 1 1 1 0 1 0 0 1 1 0 1 0 1 1 0 1 0 0 1 1 1 1 0 1 1 0 0 1 1 0 1 1 1 0 1 1 0 1 1 0 1 1 0 0 0 0 0 1 1 1 1 0 1 0 0 0 1 0 0 1 0 0 0 0 0 1 1 1 0 1 0 0 0 1 1 0 0 0 0 1 1 1 0 0 1 1 1 0 0 1 1 1 0 0 1 1 1 1 1 0 1 0 0 0 0 1 1 0 1 1 1 0 0 0 0 1 1 0 0 0 0 0 0 0 1
0 1 1 1 0 0 0 0 0 0 1 1 1 0 1 1 1 1 1 1 0 0 1 0 0 1 0 1 1 0 1 1 1 1 0 0 0 1 0 1 0 1 1 1 1 1 0 1 1 0 1 0 0 0 0 0 1 1 0 1 0 1 0 1 0 0 1 1 1 1 0 1 1 0 1 0 0 1 1 1 0 0 0 1 0 1 1 1 0 1 1 0 0 0 1 1 1 1 0 0 1 1 0 1 1 1 0 0 0 1 1 1 0 0 1 0 1 1 1 1 1 0 0 1 0 1 1 0 0 0 0 1 1 1 1 1 0 1 0 0 1 0 1 1 1 0 0 1 1 1 0 0 0 1 0 0 1 1 1 1 0 0 0 0 0 1 1 1 1
0 1 0 0 1 1 1 0 0 0 0 0 0 1 0 0 0 1 0 1 0 0 0 1 1 0 1 1 0 1 0 0 0 0 1 1 1 0 0 1 0 0 1 1 1 1 1 1 0 0 1 0 1 0 0 1 0 1 0 0 0 0 0 1 0 0 1 0 0 1 0 0 0 0 0 0 1 0 0 0 1 1 0 0 1 0 1 0 1 1 0 1 0 0 0 1 1 0 1 0 1 0 0 0 1 1 1 0 0 1 1 1 0 1 1 1 0 1 0 1 1 1 1 1 1 0 0 0 1 1 1 0 0 1 0 1 1 1 1 1 1 0 1 0 1 1 0 0 1 1 1 1 1 0 0 0 0 1 1 0 0 1 0 0 1 1 1 0 1
1 0 1 0 0 1 0 1 1 0 1 0 1 0 0 0 1 0 0 0 0 1 0 1 0 0 0 1 1 1 1 0 0 0 1 1 0 1 1 1 0 1 0 0 1 1 0 1 0 1 0 1 1 0 0 0 1 0 0 1 0 0 0 0 0 1 1 1 0 1 1 0 0 0 1 1 0 0 1 0 1 1 0 0 0 0 0 0 1 0 0 1 1 0 0 1 0 1 1 1 1 0 1 1 0 0 1 0 0 1 0 0 0 0 0 1 0 0 1 0 0 1 1 1 0 0 1 1 1 0 1 0 0 1 1 0 1 1 0 0 0 0 1 0 1 0 1 1 0 0 0 1 1 1 0 0 1 0 1 0 1 0 0 1 1 0 1 0 1
0 0 0 1 0 0 1 0 0 0 0 1 1 1 0 1 0 1 0 1 1 1 1 1 0 1 0 0 0 0 1 1 0 1 1 1 1 0 0 0 0 1 1 1 0 0 0 0 0 0 0 1 0 1 0 0 0 0 1 0 1 0 1 0 0 1 0 1 1 0 0 0 1 0 1 0 1 0 0 1 1 0 1 1 1 1 0 0 0 1 0 0 1 0 1 0 1 1 0 0 0 0 0 1 1 1 0 0 1 1 0 1 0 1 0 0 0 0 1 1 0 1 0 1 0 0 0 0 1 0 1 1 0 0 1 1 1 1 0 1 1 1 1 0 0 1 0 1 1 1 1 0 0 0 1 0 0 0 1 1 1 1 0 0 1 0 0 0 1
0 0 1 0 0 1 1 1 1 0 0 0 0 1 0 0 0 1 1 1 1 1 1 1 0 0 1 1 0 1 1 0 0 0 0 1 1 1 1 0 1 1 0 0 1 0 0 0 0 0 0 1 1 0 1 1 1 0 1 0 0 1 1 0 0 1 0 0 0 1 0 1 1 1 0 0 1 0 1 0 0 0 0 1 1 0 1 1 1 1 1 1 0 1 1 0 0 0 1 0 1 1 0 0 0 1 0 0 0 1 1 0 0 0 0 1 1 1 0 1 0 0 1 0 0 0 1 0 1 0 0 1 0 1 0 1 1 1 1 1 0 0 0 1 1 0 0 0 1 0 1 1 0 0 0 0 0 1 1 1 1 0 0 1 1 0 1 0 0
1 1 1 1 1 1 1 0 1 1 1 0 1 0 1 0 0 1 0 0 1 1 1 0 1 0 0 1 0 0 1 1 0 1 0 0 1 1 0 0 0 0 0 0 0 0 1 0 0 0 0 0 1 1 0 1 0 0 0 1 0 1 1 0 1 0 0 1 1 0 0 1 0 1 1 1 1 1 1 1 1 0 0 0 1 1 0 0 0 0 1 0 1 1 0 1 0 0 1 0 0 1 1 1 0 1 1 0 1 0 0 1 1 0 1 1 0 1 1 0 1 1 1 0 1 1 1 1 1 0 1 0 1 1 1 0 1 1 1 1 0 0 0 0 0 0 0 0 0 1 1 1 0 0 0 1 0 1 1 1 1 0 1 0 1 0 0 0 0
1 1 0 1 1 1 1 1 1 1 0 0 1 0 1 0 1 1 0 0 0 0 1 0 1 1 0 1 0 1 0 0 0 0 0 0 0 1 0 1 0 1 1 0 0 1 1 0 1 0 1 1 0 0 1 1 0 0 0 1 0 0 0 1 1 0 0 0 0 0 1 0 1 0 1 1 1 0 1 1 1 0 0 0 0 0 0 1 1 1 1 0 0 1 0 0 0 1 0 0 1 0 1 1 0 0 1 0 1 1 1 0 0 0 0 0 0 1 0 1 1 0 1 0 0 0 0 1 1 1 0 1 0 1 1 0 0 1 0 1 0 0 0 0 0 1 1 0 1 1 1 0 1 1 0 1 0 1 1 0 1 0 0 0 0 0 0 0 0
1 1 1 1 1 0 1 1 0 0 0 0 1 0 1 1 1 0 0 1 0 0 0 1 0 0 0 1 1 0 1 1 0 0 0 0 0 1 0 0 1 1 1 1 1 1 1 0 1 0 0 1 1 1 0 0 1 0 0 0 0 1 0 0 1 1 0 1 1 0 1 0 1 0 0 1 1 0 0 1 1 1 1 1 0 0 0 0 0 0 0 1 1 1 0 1 0 0 0 0 0 0 0 0 1 0 0 1 1 0 1 0 0 1 1 0 1 1 0 1 1 1 1 1 0 0 1 0 0 1 0 0 0 1 0 0 1 1 0 0 1 0 0 0 0 0 1 1 1 1 1 1 1 0 0 1 1 1 1 0 0 0 0 1 1 1 0 1 0
1 0 0 1 0 1 1 1 0 1 0 0 0 1 0 1 0 0 1 0 0 1 0 0 1 0 1 0 0 0 1 0 1 1 1 1 0 1 0 1 0 0 1 1 0 1 0 1 1 0 0 1 1 1 0 0 1 1 1 0 0 0 1 1 0 1 0 1 0 1 0 0 1 1 0 1 0 0 1 1 1 1 0 0 0 0 1 0 1 1 0 0 1 1 0 1 0 0 0 0 0 1 1 0 1 1 1 1 0 1 1 0 1 0 0 0 0 1 0 0 1 1 0 1 1 1 0 1 1 1 1 0 1 1 0 1 0 1 0 0 1 1 0 1 0 0 1 1 1 1 1 1 1 1 0 1 1 1 0 1 1 1 0 1 0 0 1 1 0
0 1 0 0 1 0 0 1 0 1 1 1 1 0 1 0 0 0 1 0 1 0 0 0 1 0 1 1 0 1 1 0 1 0 0 0 0 1 0 0 0 1 0 0 0 0 1 0 1 1 0 1 1 1 1 1 0 1 0 0 0 1 1 0 0 1 0 1 0 1 1 1 1 0 0 0 1 1 1 1 1 0 0 0 1 0 0 1 0 0 0 0 1 1 1 0 0 1 1 1 0 1 1 0 0 0 0 0 1 1 0 0 1 1 0 0 1 1 1 0 1 0 1 1 0 0 1 1 1 1 1 0 1 0 0 1 0 0 1 1 0 0 0 1 0 1 0 1 0 1 0 0 0 1 0 1 0 1 1 1 1 0 1 0 0 0 0 1 0
1 1 0 1 1 1 0 1 1 0 1 1 1 1 1 1 0 1 1 0 0 1 1 1 0 0 1 0 0 1 1 0 1 1 1 1 0 0 0 0 0 0 1 0 1 0 0 1 0 1 1 1 0 1 1 0 1 0 1 0 1 1 0 1 0 1 0 1 0 1 1 0 0 1 1 0 0 1 0 1 1 0 1 1 0 0 1 0 0 0 1 1 1 1 1 1 1 1 0 0 0 1 0 0 1 1 1 1 1 1 1 0 1 1 0 1 0 0 0 1 0 0 0 0 1 1 0 1 1 1 1 1 1 1 1 1 0 1 1 1 0 0 1 1 1 0 1 1 1 1 0 0 1 1 0 0 1 0 1 1 1 1 1 1 1 1 0 0 0
1 0 1 1 0 0 0 0 0 0 1 0 1 0 1 0 1 1 1 0 1 0 0 0 1 1 1 0 0 0 0 1 0 1 0 1 1 1 0 1 1 1 0 1 0 0 1 0 1 0 0 1 0 0 1 0 1 1 1 0 1 1 0 0 0 0 0 1 1 0 1 0 0 0 1 0 0 0 1 1 0 1 0 0 1 0 1 1 0 0 0 1 1 0 0 0 1 1 0 0 0 1 0 1 1 1 0 0 1 1 0 0 0 0 0 0 1 0 1 0 0 0 0 1 1 1 1 1 0 0 0 1 0 1 1 0 1 1 1 0 1 1 1 0 1 0 1 0 1 0 1 0 0 1 1 1 1 0 1 0 0 0 0 0 1 0 1 1 0
1 1 0 0 0 1 1 0 1 1 0 1 1 0 1 1 0 0 0 0 0 0 0 1 1 1 1 0 1 1 0 0 1 0 1 1 1 1 0 1 1 1 0 0 1 0 0 1 1 0 1 0 1 1 1 0 1 1 1 1 1 1 1 1 1 1 0 0 1 1 0 1 1 1 1 0 0 1 0 0 0 1 0 1 1 1 1 1 1 0 1 0 1 0 0 1 0 1 0 0 1 0 1 0 1 0 0 1 0 0 1 1 0 0 0 1 1 0 1 0 0 0 1 1 1 0 1 1 0 1 1 0 0 1 1 1 0 0 0 1 0 0 0 1 0 1 1 0 1 0 0 1 0 0 0 0 1 0 0 0 1 0 1 1 1 1 1 0 0
0 0 0 1 1 0 0 1 1 0 0 1 0 1 0 1 0 1 1 1 0 1 0 0 1 1 0 1 1 0 1 1 1 0 0 1 1 1 1 1 0 0 1 0 0 1 1 0 1 0 0 1 1 0 0 1 1 0 1 1 0 1 1 0 0 0 1 0 1 1 0 0 1 1 1 0 1 0 0 1 1 0 0 1 0 0 0 0 0 1 1 0 1 1 0 1 0 1 0 0 1 1 1 0 1 0 0 0 1 0 1 0 1 1 1 1 0 0 0 0 1 0 0 0 1 0 1 1 1 0 1 0 0 0 0 1 1 1 1 0 0 0 0 0 0 0 0 0 0 0 0 0 0 0 1 1 1 0 0 0 0 1 1 0 0 1 1 0 0
1 0 0 1 1 0 1 1 0 1 1 1 1 0 0 1 0 0 1 1 0 0 0 1 1 1 0 1 1 0 1 0 1 1 1 1 1 1 1 1 1 1 0 1 0 0 0 1 0 0 1 0 1 1 0 1 1 1 1 0 0 0 0 0 1 0 1 0 1 1 1 0 0 0 1 1 1 1 0 1 0 1 1 1 1 1 0 0 1 1 0 0 0 1 1 1 0 1 1 0 0 0 1 1 0 1 1 1 1 1 0 1 1 0 1 1 1 0 0 0 0 0 1 1 0 0 1 0 1 1 1 0 0 0 1 0 1 0 0 1 0 1 1 1 0 1 0 1 0 0 0 1 1 1 0 1 1 0 0 0 0 1 1 0 0 0 0 0 0
0 0 0 1 0 0 0 0 1 1 0 0 0 1 0 0 0 0 1 1 1 0 0 0 1 0 1 1 1 1 1 0 1 0 1 1 0 1 0 1 0 0 1 0 0 0 1 0 0 1 1 1 1 1 1 1 0 0 0 1 1 0 0 1 0 0 1 0 1 0 0 1 1 1 0 0 1 1 0 0 1 1 0 0 0 1 0 0 0 1 0 1 1 1 0 0 1 0 1 1 0 0 1 0 0 1 0 1 1 0 0 0 1 0 1 0 0 1 0 0 1 1 0 1 1 0 0 1 0 1 1 1 0 1 0 0 1 0 0 0 1 1 1 0 0 1 1 0 0 0 1 1 1 1 0 0 1 0 1 1 1 1 0 0 1 1 0 1 0
0 1 1 1 1 0 1 0 1 1 1 1 1 0 0 0 0 1 1 1 1 1 1 0 1 1 1 0 1 0 1 1 0 0 1 1 1 0 0 1 0 0 1 1 0 0 0 0 0 1 0 1 1 1 1 1 1 1 0 1 1 1 0 1 0 0 1 0 1 0 0 1 0 1 0 1 1 0 1 1 1 1 0 1 1 0 1 0 1 1 0 0 1 1 0 1 0 0 1 0 1 1 1 1 1 0 1 1 1 1 1 0 0 1 1 0 1 1 0 0 0 0 0 1 0 1 0 1 1 1 1 0 1 1 1 1 0 0 1 1 0 0 0 1 1 0 0 0 0 1 0 1 0 1 0 0 1 1 1 0 1 0 1 0 0 1 0 1 0
0 1 1 0 0 0 0 0 1 0 0 0 1 1 1 1 1 1 1 0 1 0 0 1 1 1 1 0 0 0 1 0 1 0 1 0 0 1 1 0 1 0 1 1 0 1 0 0 1 1 0 1 0 1 1 1 1 1 1 1 1 1 1 1 0 0 0 0 1 1 0 1 1 0 1 0 1 1 0 0 1 1 1 0 1 0 1 1 1 1 0 0 0 1 1 0 0 1 0 1 1 0 1 1 1 0 0 1 1 1 1 0 0 0 1 1 0 0 0 0 0 1 0 0 1 0 1 0 0 0 0 1 1 0 0 1 0 0 0 1 0 0 1 0 1 1 0 1 1 0 1 0 1 1 1 1 0 0 1 0 1 0 1 0 0 1 0 0 1
0 1 0 1 1 1 0 1 0 1 1 1 1 0 1 0 1 0 1 1 0 1 1 1 1 1 1 1 1 0 0 1 0 0 0 1 1 1 0 1 1 1 1 0 1 0 0 1 1 0 1 1 1 0 1 1 0 0 0 1 0 0 1 1 1 1 0 1 0 0 0 0 0 1 1 1 0 0 1 1 1 1 1 0 0 0 0 1 0 0 1 0 1 1 1 0 0 1 0 0 0 1 1 1 1 0 0 1 0 0 0 0 0 0 1 1 1 1 0 1 1 1 1 1 1 1 0 1 0 0 0 1 1 0 1 0 0 0 0 1 1 0 0 1 1 1 1 0 1 1 0 0 0 0 0 0 1 0 1 1 1 1 1 1 1 1 0 0 0
0 1 0 1 0 1 1 1 0 0 1 0 0 1 1 0 1 0 0 1 0 1 1 1 0 1 0 0 0 0 0 0 1 0 1 0 0 0 1 0 1 1 1 0 0 1 0 1 1 0 1 1 0 0 1 1 0 0 1 0 1 0 1 1 1 1 1 0 0 0 0 0 0 0 1 1 0 0 0 1 0 1 0 0 0 0 0 0 1 1 0 1 1 1 1 1 1 0 0 1 0 0 1 0 0 1 1 0 0 0 1 1 1 1 0 1 1 1 1 1 0 1 1 1 0 0 0 1 1 0 1 0 1 0 0 1 1 0 1 1 1 0 0 0 0 0 0 0 1 0 1 0 1 0 1 1 1 0 0 1 1 0 0 0 1 0 0 1 0
0 0 0 0 1 1 1 1 1 1 0 1 0 1 1 1 0 1 0 0 0 1 0 0 0 1 0 0 0 1 1 0 1 0 0 1 1 1 1 1 0 1 0 1 1 0 0 0 1 1 1 0 1 0 1 0 0 1 0 0 1 0 0 1 1 0 0 0 0 1 0 0 1 1 0 1 1 1 1 0 1 1 0 1 0 1 0 0 0 1 0 1 0 1 1 1 1 1 0 1 0 0 0 1 0 0 1 1 0 0 0 1 0 0 1 0 0 1 0 0 0 1 1 1 0 1 0 0 1 0 1 0 1 1 0 1 0 1 0 1 1 0 1 1 0 0 1 1 1 1 1 1 1 1 0 0 1 1 1 0 0 0 0 0 0 0 1 0 1
0 1 0 0 1 0 0 0 0 1 1 1 0 0 1 0 0 0 1 0 1 1 0 1 0 1 0 0 0 1 1 1 1 1 0 1 0 1 0 1 0 0 0 1 1 0 0 1 0 1 0 1 0 1 1 1 1 0 0 1 0 1 1 1 0 1 1 1 1 1 0 0 0 0 1 1 1 1 0 0 0 1 0 0 0 0 1 0 1 0 1 1 1 0 1 0 1 1 0 1 1 1 0 1 1 1 0 1 1 0 1 0 1 0 0 0 0 0 1 0 1 0 1 1 1 0 0 0 1 1 1 1 1 0 0 1 0 1 1 0 1 0 0 1 0 0 0 1 0 0 1 1 0 1 0 1 0 0 0 1 0 0 0 1 1 0 0 0 1
0 0 0 0 1 0 1 0 1 0 1 1 0 1 1 1 0 0 1 0 1 0 0 1 1 1 0 0 0 0 0 0 0 1 0 0 1 1 1 0 1 1 0 0 0 1 0 1 1 1 0 1 1 0 1 0 1 1 0 0 0 0 0 0 0 1 0 1 1 0 1 1 0 0 1 0 0 1 0 1 0 0 0 0 0 0 0 1 0 0 1 1 0 0 0 1 1 1 0 0 1 1 1 1 0 1 1 0 1 0 0 0 0 1 1 1 1 1 0 0 1 0 1 0 0 0 0 0 0 1 1 0 1 0 0 1 0 1 0 0 1 0 1 1 0 1 0 1 1 0 1 1 1 0 1 1 1 1 0 0 1 0 1 1 1 1 1 1 1
0 0 1 0 0 1 1 0 1 0 0 1 0 1 1 0 0 0 0 1 1 1 0 1 0 1 1 0 0 0 1 0 0 1 1 1 1 0 0 1 1 1 0 0 0 1 1 1 0 0 1 0 0 0 1 1 1 1 1 0 1 1 0 1 1 0 1 1 1 1 1 0 1 1 0 0 0 1 0 0 0 1 1 1 0 1 1 1 1 1 1 0 1 0 1 0 1 0 1 0 0 0 1 1 1 0 1 1 0 0 0 0 0 1 0 1 1 0 1 1 0 0 0 1 0 1 0 0 0 0 0 1 0 1 1 1 1 1 1 0 1 0 0 1 0 1 1 0 1 1 1 0 0 0 1 0 1 1 1 0 0 1 1 1 1 1 0 1 0
0 0 0 1 1 1 0 0 1 0 1 0 1 0 1 0 1 1 1 1 1 1 1 1 0 0 0 0 0 1 1 1 1 1 1 0 0 0 0 1 1 0 0 1 0 0 0 0 1 1 0 0 1 0 1 0 0 0 1 0 0 1 0 0 1 0 0 0 1 0 1 1 0 0 0 1 0 0 0 1 1 0 1 0 1 1 0 1 0 1 1 1 0 0 1 0 0 0 0 1 0 1 0 0 1 1 0 0 0 1 0 0 0 1 0 0 0 1 0 0 1 0 0 0 0 1 0 1 1 0 1 1 0 0 0 0 0 0 0 1 1 1 0 1 0 1 1 1 0 1 1 1 1 1 0 1 1 1 1 1 0 1 0 0 1 1 0 1 1
0 1 0 1 1 1 0 1 0 1 1 1 0 1 0 0 1 0 0 1 1 1 0 1 0 1 1 1 1 0 1 1 0 0 1 0 1 0 1 1 1 1 1 0 1 0 1 1 1 1 1 0 0 1 0 1 0 1 0 1 0 0 0 0 0 0 0 1 0 1 0 1 0 0 1 1 1 0 0 0 0 0 0 1 1 0 0 0 0 1 1 0 1 1 0 0 1 1 0 0 0 1 0 0 1 0 1 0 0 1 0 1 1 1 1 0 1 0 0 1 0 1 0 0 1 0 0 1 0 1 1 1 0 1 1 0 0 1 1 0 1 0 1 1 0 0 1 1 0 1 1 0 1 0 1 1 1 1 0 0 0 1 0 0 1 1 1 1 1
0 1 0 0 0 1 0 0 1 0 1 1 1 0 1 0 1 0 0 0 1 1 0 0 0 0 0 0 0 1 1 1 0 1 0 1 0 0 1 1 1 1 1 0 0 1 1 0 0 1 1 0 1 0 0 1 0 1 0 0 0 1 1 0 0 1 0 1 0 0 0 1 0 1 1 0 0 0 0 0 0 0 0 0 1 1 1 0 0 0 0 0 1 1 1 0 1 1 0 1 1 1 1 1 0 0 1 1 1 1 0 1 0 1 1 1 0 0 0 1 1 0 0 1 1 1 1 1 1 0 0 1 1 1 1 0 0 0 1 0 1 0 0 0 0 1 1 0 1 0 1 1 1 0 0 1 1 0 0 0 0 0 1 1 0 0 0 1 0
0 1 0 0 0 0 1 1 0 0 1 0 0 0 0 1 1 1 1 1 0 1 0 1 0 0 0 0 0 0 1 1 1 0 1 1 0 0 1 1 0 0 0 0 0 1 0 0 1 0 0 1 1 0 0 1 1 1 0 0 0 0 0 0 1 1 0 1 0 1 0 1 1 0 1 0 1 1 0 0 1 1 1 0 0 1 1 0 0 0 0 0 0 0 0 1 1 0 1 1 1 1 1 0 1 1 0 0 1 0 1 1 1 0 1 1 1 0 1 1 0 0 0 0 1 0 0 1 1 1 1 1 1 1 0 0 1 1 0 0 0 1 1 0 1 1 1 0 0 1 0 1 1 1 0 1 0 1 0 1 1 0 0 0 0 1 0 0 0
0 1 1 0 1 0 0 1 0 0 0 1 0 1 0 0 1 0 0 0 0 1 0 1 0 1 0 0 1 0 0 0 1 0 0 1 1 1 0 1 0 0 0 0 1 0 0 0 1 0 1 0 1 0 0 1 0 1 1 1 0 0 1 0 0 1 0 1 1 0 1 1 0 0 0 0 0 0 0 1 1 1 0 0 0 0 1 1 0 1 1 0 0 1 0 0 1 0 0 1 1 0 1 1 0 1 1 0 1 0 1 0 1 1 0 1 1 0 0 1 0 0 1 1 0 1 1 0 1 0 0 1 1 1 0 1 0 0 0 0 0 1 0 1 0 1 1 0 0 0 0 0 0 0 1 1 0 1 1 0 0 0 0 0 1 1 1 0 1
1 1 1 0 0 0 0 1 1 1 1 1 1 0 0 1 0 1 1 0 1 1 0 0 0 1 1 1 1 1 0 1 0 0 1 0 1 1 0 0 0 0 1 0 1 0 0 1 0 0 1 1 0 1 0 0 0 0 0 1 0 0 0 0 1 0 0 0 1 1 1 1 0 1 0 1 0 0 1 0 0 1 1 1 1 1 0 0 1 1 1 1 0 1 1 1 0 0 0 0 0 1 0 0 1 1 0 0 1 0 1 1 1 0 1 0 1 1 1 1 1 1 0 1 1 1 1 0 0 1 1 1 1 0 1 1 0 0 0 1 1 0 0 1 0 0 1 1 1 0 1 1 1 1 1 0 0 0 0 0 1 0 1 1 0 0 1 1 1
0 0 1 0 0 1 0 0 0 0 0 1 0 1 0 0 1 1 1 1 1 1 1 0 1 1 0 0 0 0 1 1 1 1 1 0 1 1 0 0 0 1 1 0 1 0 1 1 1 0 1 1 1 1 1 0 0 1 1 0 1 0 1 0 0 1 1 0 0 0 0 0 0 0 1 1 0 0 0 1 0 1 0 1 0 0 1 0 0 0 0 0 1 1 1 1 1 1 1 1 0 1 0 0 1 0 1 1 0 1 1 0 0 0 0 0 1 1 1 1 0 1 1 1 1 1 0 0 0 1 0 1 1 0 0 0 0 1 1 0 1 0 1 1 1 0 0 1 0 0 1 0 0 0 1 1 0 1 0 1 0 1 0 1 0 1 0 1 0
1 1 0 1 0 0 0 1 1 0 0 0 1 0 0 1 1 0 1 0 0 1 0 0 1 1 1 1 0 1 1 0 0 1 1 1 1 0 0 1 1 0 0 0 0 0 1 0 0 1 1 0 0 0 1 0 1 1 1 1 1 0 0 0 0 1 1 1 0 0 1 1 1 1 1 0 1 1 0 1 1 0 0 1 0 1 1 0 0 1 1 1 0 1 0 0 0 0 1 1 1 1 0 0 1 0 0 1 0 0 1 1 1 1 1 1 0 0 1 1 1 0 1 1 1 0 0 1 0 1 1 1 0 1 0 1 0 1 1 1 0 0 1 0 0 1 1 0 0 0 1 1 0 0 0 0 1 1 0 0 1 0 0 0 1 0 0 1 1
1 1 1 1 1 0 1 0 0 1 1 0 0 0 0 0 1 0 0 0 0 1 1 0 1 0 1 0 1 1 0 0 1 1 0 0 1 0 1 1 0 1 1 0 1 0 0 1 1 0 0 1 0 1 1 1 1 1 0 1 0 1 0 0 0 0 1 0 0 1 0 1 0 0 1 0 0 1 0 1 1 1 1 1 0 1 1 0 0 0 1 1 1 1 1 0 0 1 0 1 0 0 1 0 1 0 1 1 0 1 1 0 0 1 1 0 0 0 1 1 0 0 0 0 0 1 1 1 0 0 1 1 1 1 1 0 0 0 0 1 0 0 1 0 0 0 1 0 0 1 0 0 0 1 0 1 0 1 0 0 0 0 1 0 1 0 0 1 0
0 1 1 1 1 1 0 1 0 0 0 1 1 1 0 1 1 1 1 1 0 1 1 0 0 1 0 1 1 0 1 0 1 0 0 0 0 0 0 1 1 0 1 0 1 0 0 0 1 1 0 1 1 1 1 1 1 0 0 0 1 1 1 1 0 0 0 1 0 0 1 0 0 0 1 0 0 0 0 1 1 1 0 1 0 1 0 1 0 0 0 1 1 0 1 0 1 1 1 0 0 0 0 1 1 1 1 1 0 0 1 0 0 0 1 0 1 1 0 0 0 0 0 0 0 1 0 0 1 0 0 1 0 0 1 1 1 1 1 1 0 0 1 1 1 0 1 0 1 0 1 1 0 1 1 1 1 0 1 1 0 1 0 1 0 1 0 0 0
0 1 0 0 0 0 0 1 1 1 1 0 0 1 0 1 1 1 1 0 0 0 1 1 1 1 1 0 0 1 0 0 1 1 0 0 1 0 1 1 0 0 0 1 0 0 1 0 0 0 1 1 1 1 0 0 1 0 1 0 1 0 0 0 1 1 1 1 0 1 0 0 1 0 1 0 1 0 1 1 1 0 0 1 0 1 1 0 1 1 1 1 1 1 0 1 1 1 1 0 0 0 1 1 0 0 0 1 1 1 0 1 1 0 1 0 0 1 1 0 0 0 1 0 0 0 0 1 1 1 1 1 1 1 0 0 1 0 0 1 1 1 1 1 1 0 1 1 1 1 0 1 1 1 0 1 1 0 1 0 0 1 0 0 1 1 0 0 1
0 1 1 1 1 0 0 1 0 1 1 0 0 0 0 1 0 1 1 1 1 1 1 1 0 0 0 0 1 0 0 1 0 1 1 0 1 1 1 1 1 0 1 0 0 1 0 0 1 1 0 0 1 1 0 0 0 1 1 0 1 1 1 1 0 1 1 1 1 1 1 1 1 1 0 0 1 0 0 0 0 1 0 1 0 1 0 0 1 0 0 1 1 1 0 1 1 1 0 0 1 0 1 1 0 0 0 0 1 1 0 0 1 0 1 1 0 1 0 1 1 1 0 1 1 1 0 1 1 0 0 0 1 1 1 1 0 1 0 0 0 0 1 1 1 1 1 1 1 0 1 0 0 0 0 0 1 1 0 1 1 0 0 0 0 0 0 1 1
0 0 1 0 0 0 1 0 1 1 1 1 0 0 0 0 0 1 0 0 1 0 0 0 1 1 0 1 1 0 1 0 0 1 0 0 1 0 1 1 1 1 1 1 1 0 1 1 1 0 0 0 0 1 1 0 0 0 1 0 1 0 1 0 1 1 0 0 0 0 0 1 1 0 0 1 0 0 1 0 1 0 1 0 0 1 0 1 1 0 1 0 0 0 0 1 1 1 1 1 0 1 0 1 1 1 1 0 0 0 1 1 1 1 0 0 1 1 1 1 0 0 1 1 0 1 1 0 1 0 1 0 0 0 0 0 1 0 0 1 0 1 1 0 1 0 1 1 1 1 1 0 0 1 0 1 0 0 1 1 0 0 0 1 0 1 1 0 0
1 0 0 0 1 1 1 0 0 0 1 1 0 1 1 1 1 0 0 0 1 0 0 0 1 0 0 0 1 1 0 1 0 0 1 0 0 1 0 0 0 0 0 0 1 1 0 1 1 0 0 0 1 0 1 1 0 1 0 0 1 1 1 0 1 0 1 0 1 0 1 1 1 0 1 0 0 0 0 1 0 1 1 1 0 0 0 0 1 1 0 1 0 0 1 1 1 1 1 0 1 0 0 0 0 1 0 1 0 1 1 0 1 1 1 1 0 1 1 1 1 0 0 0 1 0 1 0 1 0 1 1 0 0 1 1 0 0 0 1 1 1 0 0 1 0 1 1 0 0 1 0 1 0 1 0 1 1 1 0 1 1 0 1 0 1 0 0 0
1 1 1 0 0 1 1 1 0 1 1 0 0 0 1 0 0 1 1 1 0 1 0 0 0 0 0 0 0 0 0 0 0 0 1 1 0 0 0 0 1 1 1 0 1 1 1 1 1 0 0 0 0 0 1 0 0 1 0 0 1 1 0 1 0 1 1 1 0 0 1 0 1 1 0 0 1 1 1 1 0 0 1 1 0 0 0 1 0 1 0 1 0 1 0 1 0 0 0 1 1 1 0 0 0 1 0 1 1 0 1 1 1 1 0 0 0 0 0 1 1 0 0 0 1 0 0 0 0 1 1 1 0 0 1 0 0 1 1 1 0 0 1 0 0 1 0 0 0 0 0 0 0 0 0 0 0 0 0 1 1 0 0 1 1 1 1 0 1
1 0 1 0 1 1 0 0 0 1 0 0 1 1 1 1 1 1 0 1 1 0 1 1 0 1 0 0 1 0 1 1 0 0 1 1 1 0 0 0 0 1 1 0 1 0 0 0 1 0 1 0 1 1 0 1 1 1 0 1 0 0 0 0 1 1 0 0 1 1 1 0 0 0 0 0 0 1 0 0 1 1 0 1 1 0 1 0 0 0 0 0 0 0 1 0 0 1 1 1 1 0 0 1 0 1 0 0 0 0 0 0 1 0 1 0 1 1 0 0 1 0 1 1 0 1 0 0 0 0 1 0 0 1 0 0 1 1 0 0 1 1 0 0 1 0 1 0 1 0 0 0 1 1 0 0 1 1 0 1 1 0 1 1 0 0 0 0 0
0 0 0 0 1 0 1 1 1 0 0 1 1 1 1 0 0 0 1 1 0 1 0 1 0 0 1 0 1 1 1 1 0 1 0 0 1 0 0 1 1 0 1 1 1 0 0 0 0 0 0 1 1 0 1 0 1 1 1 0 1 1 1 0 0 1 0 1 1 0 1 1 0 1 1 1 1 0 1 0 1 1 0 1 0 1 0 1 1 0 1 0 1 1 1 0 0 0 0 0 1 1 1 1 1 1 0 1 1 0 0 0 1 0 0 0 1 0 0 0 0 0 0 1 1 1 0 1 0 1 1 1 1 0 1 0 1 1 1 1 1 1 0 1 0 1 1 0 1 0 0 0 1 0 1 1 1 1 1 0 1 1 0 0 0 1 1 0 0
0 1 1 1 1 0 1 1 1 1 1 0 0 0 1 0 1 0 1 0 0 0 1 1 0 1 1 1 1 1 1 0 1 0 0 0 1 0 1 0 0 0 1 0 0 1 0 1 0 0 0 0 1 0 1 0 0 1 0 1 0 0 0 1 0 1 0 0 1 1 1 1 0 1 1 0 0 0 1 1 0 1 0 1 0 1 0 1 0 1 1 1 0 1 1 0 0 1 1 1 1 0 1 1 1 1 1 0 1 1 0 0 0 0 1 0 1 0 0 0 0 1 1 0 1 1 0 0 0 0 1 0 0 1 1 1 1 1 1 1 1 1 1 0 0 0 1 1 1 0 1 1 1 0 0 1 1 1 1 1 1 1 0 0 1 1 1 1 1
1 0 1 1 1 0 0 1 1 0 1 0 1 0 1 0 0 1 1 1 1 1 1 0 1 0 1 1 1 0 1 0 1 0 0 0 1 0 1 1 0 0 0 1 0 1 1 0 0 1 1 1 1 0 0 0 0 1 1 1 1 0 0 1 1 1 1 1 0 1 0 0 0 1 0 0 1 1 1 0 1 0 1 0 0 1 1 0 1 0 1 1 0 0 0 0 1 1 0 1 1 1 0 1 1 0 0 1 1 1 1 1 1 0 1 1 1 0 0 0 1 1 1 1 0 0 1 0 1 0 1 1 0 1 0 1 1 1 0 0 1 1 0 0 1 0 1 0 0 0 1 1 0 0 1 0 0 1 1 0 1 0 1 0 1 1 1 0 1
0 0 1 1 0 0 1 0 1 0 1 0 0 1 0 0 0 1 0 1 1 1 1 1 1 0 0 1 1 0 0 0 1 1 1 0 1 1 1 0 1 1 1 0 0 0 0 0 1 0 0 1 0 0 0 1 0 0 0 1 1 0 0 1 0 1 1 1 1 1 0 0 1 0 1 0 0 1 0 1 1 1 1 1 1 0 0 0 1 0 1 0 0 1 0 1 1 0 1 0 1 1 0 0 1 1 1 1 1 0 1 0 0 1 1 1 0 1 0 1 0 1 0 0 0 1 1 0 0 1 0 0 1 1 0 1 1 0 1 0 1 1 0 0 1 1 0 0 0 1 0 1 1 1 0 0 1 0 1 0 1 1 0 0 0 1 1 0 1
0 0 1 1 1 0 1 0 0 1 1 1 1 1 0 0 0 0 1 0 1 0 0 1 0 1 0 0 1 1 1 1 0 0 0 1 0 0 1 0 1 0 1 0 0 0 0 1 0 1 1 1 1 1 1 0 0 0 0 1 1 0 1 1 1 0 0 0 1 0 1 1 1 0 0 1 1 0 0 0 1 1 1 0 0 1 1 1 1 0 1 1 0 1 1 1 0 1 0 0 0 1 0 0 1 0 0 0 1 0 1 1 1 1 1 1 0 0 1 1 1 1 0 0 1 0 1 1 0 0 1 1 1 0 0 0 1 0 1 1 1 1 0 0 0 1 0 0 1 0 0 0 1 0 0 0 1 0 1 0 0 0 0 1 1 0 0 0 1
0 1 0 0 0 1 0 0 1 0 1 0 0 0 0 0 1 0 1 0 1 1 0 1 1 1 1 0 0 1 1 0 0 0 0 1 1 0 1 1 0 0 0 1 0 0 0 0 0 0 1 0 1 1 0 0 0 0 1 0 1 1 1 0 0 1 1 1 1 1 1 1 1 1 0 0 1 1 0 1 0 0 1 0 0 1 1 1 1 0 0 0 0 1 1 1 1 1 0 0 0 0 0 1 1 1 1 0 0 1 1 0 1 1 1 0 0 1 0 0 0 0 1 1 1 1 1 0 1 1 1 0 0 1 0 0 1 1 1 0 0 1 1 1 1 0 0 0 0 1 0 1 0 0 0 1 1 0 0 0 1 1 1 0 0 0 0 0 1
0 0 0 0 1 1 0 0 1 1 1 1 1 1 1 0 1 1 0 1 1 0 1 1 1 0 0 1 1 1 1 1 1 0 0 0 0 1 0 1 1 1 1 1 0 0 1 1 0 0 0 0 0 0 0 1 0 0 0 0 0 1 0 1 0 1 1 1 1 1 0 0 1 1 1 1 1 0 1 0 1 1 1 1 0 0 0 0 1 0 1 0 0 1 1 0 1 1 1 1 0 1 1 0 1 1 1 1 1 1 1 1 1 1 0 1 0 1 0 1 1 0 1 1 0 1 0 1 1 0 0 1 0 1 0 1 0 0 1 1 0 0 1 0 1 1 0 1 0 1 0 0 1 1 0 1 1 1 0 1 1 1 0 1 1 0 0 0 1
1 0 0 1 1 0 0 1 1 1 0 0 1 1 1 1 1 1 0 1 1 1 1 1 0 0 0 0 0 0 0 0 0 0 1 0 0 1 1 0 0 1 1 0 1 1 1 1 1 1 1 0 1 1 1 0 0 1 1 0 0 1 0 1 0 1 0 0 0 1 0 0 0 0 0 0 0 0 0 0 1 0 0 1 1 1 1 1 0 1 1 0 1 0 1 1 1 0 0 0 1 1 0 0 1 1 0 0 0 1 1 1 1 0 1 1 1 1 0 0 0 0 1 0 1 1 1 1 1 0 1 0 0 0 0 1 1 0 0 0 1 0 1 0 0 1 0 1 0 0 0 0 0 0 1 0 0 0 1 0 0 1 1 1 1 1 1 1 0
1 1 0 1 1 1 0 1 1 0 1 0 0 0 0 1 0 0 1 1 1 1 0 1 1 1 1 1 1 1 1 0 0 0 0 0 1 0 1 0 1 1 1 0 1 1 0 0 0 1 0 1 1 0 0 0 0 0 1 0 1 1 1 0 1 1 0 1 0 1 0 0 0 0 1 1 0 0 1 1 0 1 0 0 0 0 1 0 0 1 0 0 1 1 0 0 1 1 0 0 0 1 0 1 0 1 1 1 1 0 0 1 1 1 1 1 0 0 1 0 0 1 0 1 1 1 1 1 1 0 0 0 0 0 1 0 1 1 1 0 0 0 1 0 0 0 0 0 0 1 1 0 1 0 0 1 1 0 0 0 0 1 1 1 0 1 0 1 0
1 1 1 0 1 0 0 1 1 0 1 1 0 1 0 1 0 1 1 0 1 0 1 0 0 0 0 1 1 0 1 1 0 1 1 1 1 0 1 0 1 1 0 1 0 0 0 0 0 1 0 1 1 0 0 1 0 0 1 1 1 0 1 0 1 1 0 1 1 0 1 1 1 1 1 0 1 1 0 0 0 0 0 0 1 0 0 0 0 1 0 0 0 0 1 0 1 0 1 1 0 1 0 1 1 1 0 1 0 0 0 0 1 1 0 1 1 1 0 1 1 1 0 1 1 0 0 1 1 1 0 0 1 0 1 1 0 0 1 0 0 1 0 1 0 0 0 0 1 0 0 0 0 1 1 0 1 1 0 0 1 1 1 0 1 1 0 0 1
1 0 1 0 1 1 1 0 1 0 0 0 1 1 0 1 0 0 1 1 0 0 1 0 0 0 1 1 0 0 1 1 0 1 0 1 0 1 0 0 0 0 0 0 1 1 1 1 0 1 1 0 1 0 0 1 0 1 1 0 0 0 0 1 1 1 0 0 0 0 0 0 0 0 1 0 0 0 0 0 0 1 1 0 1 1 0 1 0 0 0 0 0 0 1 0 0 0 0 0 1 0 0 1 1 0 0 1 1 0 1 1 1 0 1 0 1 0 1 1 1 0 0 0 0 0 0 1 1 0 0 0 0 1 0 1 0 1 0 0 1 1 0 0 1 0 1 1 1 0 1 0 0 1 1 0 1 0 1 0 0 1 0 1 0 1 0 1 0
1 0 0 0 1 0 0 1 1 1 0 0 0 1 1 1 0 1 0 0 0 1 0 1 1 0 1 1 0 1 1 0 1 1 1 1 0 1 0 0 1 1 0 1 0 1 1 0 0 0 1 1 1 1 1 0 1 1 1 1 0 0 0 0 0 0 0 0 1 1 0 0 1 0 0 0 1 1 1 1 1 0 0 0 1 0 0 1 0 0 0 0 0 1 1 0 0 1 1 0 0 1 1 0 1 1 1 0 1 0 1 0 1 0 0 0 1 0 1 1 0 1 1 0 0 0 0 0 1 0 0 0 0 1 1 1 0 0 1 1 1 0 0 1 0 1 0 1 1 1 1 1 0 0 1 1 0 1 0 0 0 1 0 0 0 1 1 1 0
1 1 0 1 0 1 1 0 1 0 1 0 0 1 0 0 1 1 1 0 0 1 0 0 1 0 1 0 0 1 0 0 0 0 0 0 0 1 1 0 0 0 0 0 0 1 0 0 0 0 0 0 1 0 1 1 1 1 0 0 1 0 1 0 0 1 1 1 0 1 0 1 1 0 1 0 0 0 1 0 0 0 0 0 0 1 0 0 1 0 1 0 0 1 1 0 0 1 0 0 1 1 0 1 0 1 0 0 0 0 0 0 0 0 1 0 1 1 0 1 1 1 1 0 1 1 1 0 0 1 1 0 1 0 0 1 1 1 0 1 0 1 0 0 0 0 1 1 0 1 1 0 1 0 1 1 0 1 0 1 0 0 1 1 1 0 1 1 1
0 0 1 0 0 0 1 0 0 0 1 1 0 1 1 0 0 1 1 1 1 0 1 0 0 1 0 1 0 1 1 0 0 1 1 0 1 1 1 1 1 1 1 1 1 1 0 1 1 0 0 0 0 1 1 1 0 0 1 1 0 0 1 0 0 1 1 0 0 1 1 1 0 1 1 1 0 0 1 1 0 1 0 1 0 0 0 1 0 0 1 0 1 1 1 0 0 0 0 0 1 0 0 0 1 1 0 1 0 1 0 1 0 0 1 1 0 0 0 0 1 1 1 0 0 1 0 0 1 0 1 1 1 1 0 1 0 1 0 1 1 1 1 0 0 1 1 1 0 1 1 1 1 1 0 1 0 0 0 1 1 1 1 0 0 1 1 0 0
1 0 0 0 0 1 1 1 1 0 0 1 0 1 1 1 0 1 0 0 1 0 1 1 1 1 1 1 0 1 0 1 0 0 0 1 0 0 1 1 1 0 0 0 0 0 0 0 0 0 1 0 1 1 0 0 1 1 0 0 0 0 1 0 1 1 1 1 0 1 1 1 1 1 0 1 1 1 0 0 0 0 0 1 1 1 1 1 0 0 0 0 0 1 1 1 1 1 0 1 1 1 1 1 0 0 0 1 0 1 0 0 1 1 0 1 1 0 0 1 1 0 1 0 0 0 1 0 0 1 1 1 1 1 1 1 1 1 0 0 1 0 0 0 0 1 1 0 1 0 1 1 0 1 1 1 0 0 1 0 0 1 0 1 1 0 1 0 1
0 1 1 1 1 0 1 1 1 0 1 0 1 1 0 0 1 1 0 0 1 1 0 1 1 0 0 0 0 0 1 0 1 1 0 1 0 0 1 0 0 1 1 1 0 0 0 1 0 1 0 1 0 0 0 1 1 1 0 0 0 1 1 0 0 0 0 1 1 1 1 0 1 0 1 1 1 0 0 0 0 1 0 0 1 0 0 0 1 0 0 1 1 0 1 0 1 0 0 0 0 1 0 0 1 0 0 0 1 0 1 0 1 0 0 1 1 1 1 0 1 1 1 0 1 1 1 1 0 0 1 1 1 0 1 1 0 1 0 1 0 1 0 1 1 0 1 1 0 0 1 1 1 0 0 0 1 0 1 0 0 1 0 0 1 0 1 1 0
0 1 1 1 1 0 0 1 0 0 1 1 1 1 1 0 0 0 0 1 0 0 1 1 1 1 1 0 1 0 1 0 1 1 0 0 0 0 1 1 0 0 1 0 1 0 1 0 1 0 1 1 0 0 1 0 0 1 0 1 0 1 0 0 0 1 0 1 0 1 1 0 0 0 0 0 1 1 0 1 1 1 1 0 1 0 1 1 0 0 0 1 0 0 0 1 0 1 0 1 1 1 1 1 1 1 0 1 0 1 1 1 1 0 0 0 0 1 1 1 0 0 1 0 0 1 0 0 1 1 1 0 1 1 1 0 1 0 0 1 0 0 0 0 0 1 1 0 0 0 1 1 1 0 1 0 0 1 0 0 1 1 1 1 0 1 0 1 1
1 1 0 0 1 1 0 1 1 1 0 0 0 0 1 1 1 0 1 0 1 0 0 1 0 1 0 0 0 1 1 1 1 1 0 1 0 1 1 0 1 0 1 1 1 1 0 0 0 1 1 1 1 1 0 1 0 0 0 1 0 0 1 1 0 1 1 1 0 1 0 1 0 1 1 0 0 1 0 0 0 0 1 1 1 1 1 1 0 0 1 1 1 0 1 0 0 0 1 0 1 1 1 0 1 1 0 1 1 0 1 1 1 1 0 0 0 0 1 0 0 0 1 1 1 1 0 0 0 0 1 1 0 0 1 1 1 0 0 0 0 0 0 0 1 0 0 1 1 0 0 1 1 1 1 0 1 0 0 1 1 1 1 0 0 1 1 1 1
1 1 1 0 1 1 0 1 0 0 1 0 0 0 0 0 1 0 0 1 0 1 0 1 0 1 1 1 0 1 0 1 1 0 1 0 1 0 1 1 0 0 0 0 1 1 1 0 1 0 1 1 1 1 1 0 0 1 1 0 0 1 0 0 0 0 1 1 0 1 1 0 1 0 1 1 0 1 0 0 0 0 0 1 0 0 0 1 0 1 1 1 0 1 1 1 1 1 1 0 0 0 1 1 1 0 1 1 1 0 1 1 0 0 1 0 0 0 0 0 1 1 0 1 0 1 0 1 1 0 1 1 1 0 1 1 0 0 1 0 0 0 0 0 0 1 0 0 1 1 1 0 1 1 0 0 1 0 0 1 0 1 1 0 1 1 1 1 1
1 1 1 0 1 1 1 0 1 0 1 1 0 0 1 0 1 1 1 0 0 1 0 0 0 0 0 1 0 0 1 1 1 0 0 0 0 1 1 1 1 1 1 0 1 1 1 1 0 1 1 1 0 1 1 0 1 1 1 0 1 0 0 1 1 0 0 0 1 1 1 0 0 1 1 0 0 0 1 1 0 0 1 1 0 0 1 1 0 1 0 1 1 0 0 1 0 1 1 1 0 0 0 1 0 1 1 1 1 0 0 0 1 1 0 0 1 0 1 0 1 1 0 0 0 0 1 1 0 0 0 0 1 0 1 1 0 1 0 1 0 1 0 1 1 0 1 1 1 0 1 1 1 0 0 1 0 0 0 1 1 1 0 1 0 1 1 0 0
0 0 0 1 0 1 1 0 1 1 1 1 1 0 1 0 1 1 1 1 1 0 1 1 0 0 1 1 0 1 1 1 0 0 0 0 1 0 0 0 0 0 0 1 1 1 1 1 1 1 1 0 1 1 1 0 0 1 1 0 0 0 1 1 1 1 1 0 0 1 1 1 0 1 1 0 0 1 1 1 1 1 0 1 0 1 0 0 1 0 1 0 0 1 0 0 0 0 1 0 0 1 1 0 1 1 0 0 1 1 0 0 1 1 0 1 1 1 1 1 1 0 0 1 0 0 1 0 1 0 0 0 1 1 0 0 1 1 0 0 0 0 0 0 1 1 1 1 0 0 1 0 1 1 0 1 0 0 1 1 0 0 1 1 1 0 1 1 1
0 0 0 1 1 0 0 1 0 1 1 1 0 0 1 1 0 0 0 0 0 0 1 0 1 1 1 0 1 0 0 0 1 0 0 1 0 0 1 0 1 0 1 1 0 1 0 0 1 1 0 0 1 1 0 1 1 1 0 1 0 0 1 0 1 1 0 0 0 1 1 1 1 0 1 1 0 0 1 0 0 1 1 1 0 1 1 1 1 1 0 1 0 0 0 1 0 0 0 1 1 0 1 0 1 1 1 1 0 0 0 1 1 1 1 0 1 0 0 1 0 1 0 0 1 0 1 0 1 1 1 0 1 1 1 1 1 1 0 1 0 0 1 0 0 1 0 0 1 1 1 0 1 0 0 0 0 1 1 1 1 1 0 1 1 1 1 0 1
0 1 1 0 0 0 1 0 0 0 0 0 0 0 0 1 1 1 0 1 1 0 0 1 1 1 1 0 1 1 0 0 1 0 1 1 1 0 0 0 1 0 0 1 0 1 1 1 0 1 0 1 1 1 1 1 1 1 0 0 0 1 0 0 1 0 1 1 1 1 0 1 1 0 0 0 0 0 1 0 0 1 0 1 0 0 1 1 1 0 1 1 0 1 1 0 1 1 1 1 1 0 0 1 0 0 0 0 0 1 0 0 0 1 1 0 1 0 1 1 0 0 0 0 1 1 0 1 1 1 1 0 0 0 0 1 0 0 1 0 1 0 0 0 0 1 1 1 0 1 1 1 1 1 1 1 0 1 0 0 1 0 1 0 0 1 0 0 1
0 0 1 1 1 1 0 1 0 0 0 1 1 1 0 1 1 1 1 0 0 0 0 0 0 1 1 0 1 0 1 1 0 1 0 1 1 1 1 0 1 1 0 1 1 1 0 1 0 0 1 1 0 1 1 1 1 0 1 1 1 0 1 0 0 0 1 0 0 0 1 1 0 1 0 1 0 0 0 1 1 0 0 0 0 0 0 1 0 1 0 1 0 1 1 1 1 0 1 0 0 0 1 1 0 0 1 0 0 1 1 1 0 1 1 0 1 1 1 0 1 0 1 1 0 0 0 1 1 1 0 0 1 0 0 1 1 0 0 0 0 0 0 0 0 0 1 1 0 0 1 0 1 1 0 0 0 1 0 1 0 1 0 1 1 1 0 1 1
1 0 0 0 1 0 1 0 0 1 0 0 1 0 1 1 1 0 0 0 0 0 1 0 0 0 1 1 1 0 1 0 1 0 1 0 0 0 0 0 1 1 0 1 1 1 1 1 0 1 1 0 1 1 1 1 1 1 1 0 0 0 0 0 1 1 1 0 1 1 0 0 1 0 1 0 1 1 0 1 0 1 0 0 1 0 0 1 1 1 0 0 1 1 1 1 0 0 0 0 1 1 0 0 0 0 0 0 1 0 0 0 1 1 0 0 1 0 1 0 0 0 0 0 0 1 1 1 0 1 1 0 1 1 0 0 1 1 0 1 1 1 1 1 0 0 0 0 1 0 1 0 0 1 0 0 1 1 0 0 1 1 1 0 1 1 1 1 1
0 1 0 1 0 1 0 0 0 0 0 1 1 0 1 1 1 0 0 0 0 0 0 1 1 1 0 1 0 1 1 0 0 1 1 0 0 1 0 1 1 1 1 1 1 1 0 0 0 0 0 0 0 1 0 1 0 1 1 0 0 1 0 0 1 1 0 1 1 0 1 1 0 0 1 0 1 1 1 1 1 0 0 0 0 0 0 0 1 1 1 0 1 0 1 1 1 0 0 1 0 1 1 0 1 1 1 0 1 0 0 0 1 1 0 0 0 1 0 0 1 1 1 1 1 0 0 0 1 1 1 1 0 0 0 1 1 1 0 1 0 1 1 0 1 1 0 0 1 0 0 1 1 1 0 0 1 0 1 1 1 0 0 0 0 1 0 1 1
0 0 0 0 0 0 0 0 0 1 0 1 0 0 1 1 1 0 1 1 1 0 0 0 1 1 1 1 1 1 0 0 1 1 0 0 1 1 0 0 1 1 1 1 1 0 1 0 1 1 1 1 1 0 0 0 0 1 1 1 1 1 0 1 1 0 1 1 1 0 0 1 1 1 0 0 0 0 1 0 1 0 0 1 0 1 0 1 1 0 1 1 0 0 1 1 0 0 1 1 0 0 1 0 0 0 1 1 0 1 1 0 1 0 0 0 0 1 0 1 0 0 1 1 0 1 0 1 0 1 1 1 0 1 1 1 1 0 0 1 1 1 0 0 0 1 0 1 0 1 0 0 1 1 1 0 1 0 1 1 0 0 1 1 1 1 0 1 1
1 1 1 0 0 1 0 1 0 0 1 0 1 0 1 0 1 1 0 1 1 0 0 1 1 1 0 0 0 0 1 0 0 1 0 0 0 0 0 1 1 0 1 0 1 1 1 1 1 0 0 0 0 0 0 0 0 1 0 0 0 0 0 1 0 0 0 0 1 1 1 0 0 1 1 1 1 0 1 0 0 1 1 0 1 1 1 0 1 0 0 1 1 1 1 1 1 0 0 0 1 1 1 0 1 1 1 0 1 0 1 1 0 0 1 1 0 0 0 1 0 0 1 0 1 1 1 0 0 0 1 0 0 0 0 0 0 0 0 1 0 0 0 0 0 1 1 1 1 1 0 1 1 1 0 0 0 0 1 0 1 1 0 1 0 0 0 1 1
1 0 0 1 0 1 0 0 0 1 0 1 0 1 1 0 1 0 1 0 0 1 0 0 1 0 0 0 1 0 0 1 0 0 0 0 0 1 0 0 0 0 1 0 0 1 0 0 0 1 0 0 0 0 1 1 0 0 1 0 0 0 1 0 0 1 0 0 1 1 1 0 1 0 1 0 1 1 1 1 1 0 1 0 0 1 0 0 0 1 1 1 0 0 1 1 1 0 1 1 0 1 1 0 1 0 1 1 0 1 0 0 1 1 1 0 0 1 0 1 1 0 1 0 1 0 1 1 1 0 0 1 1 0 0 0 1 1 1 1 1 0 1 0 1 0 1 0 0 1 1 0 1 1 1 1 1 1 1 0 1 1 1 0 0 0 1 1 0
0 1 0 0 1 0 1 1 0 1 0 0 0 1 0 0 1 0 0 0 1 0 0 1 0 0 0 0 1 1 1 0 0 0 0 0 1 1 1 1 0 0 0 1 1 1 1 0 0 1 0 1 1 0 1 0 1 0 1 1 0 0 1 1 1 1 1 1 1 0 1 0 1 1 0 0 1 0 1 1 0 0 1 0 1 1 1 0 1 0 0 1 0 1 0 0 0 1 1 1 0 0 0 0 0 0 1 0 0 0 0 1 0 0 0 1 0 0 1 1 0 1 1 1 0 1 0 1 1 1 1 1 1 0 0 1 1 1 1 1 1 0 0 1 1 0 1 1 1 1 1 0 1 1 1 1 1 0 1 0 1 1 1 0 0 1 0 0 0
1 0 1 0 1 1 0 1 0 1 1 1 0 1 1 1 0 1 1 1 1 0 1 0 1 0 1 0 1 0 1 0 0 0 0 1 1 1 0 1 0 0 1 1 1 0 0 0 0 1 0 0 1 0 1 1 0 1 0 0 1 0 1 1 0 1 1 1 1 1 1 1 1 0 1 0 1 0 0 0 1 1 0 1 0 1 1 1 1 1 1 1 1 0 0 0 1 1 1 1 0 0 0 0 0 1 0 1 1 1 0 0 1 1 0 0 1 0 1 0 0 1 0 0 0 0 0 0 0 0 0 1 0 0 1 0 0 1 0 0 1 1 1 0 0 1 0 0 0 1 1 1 1 1 1 0 1 0 0 1 1 0 0 0 1 0 0 0 0
1 1 0 0 1 1 1 0 0 0 0 0 0 1 0 1 0 1 0 0 0 0 1 1 1 1 0 0 0 1 1 0 1 1 0 1 1 0 0 1 0 1 1 0 1 0 0 0 1 0 1 0 0 1 1 1 0 0 0 0 0 1 1 0 0 1 1 0 1 0 0 0 1 1 0 0 0 0 1 0 0 0 0 1 1 1 1 0 1 0 0 0 0 1 0 1 1 0 0 0 0 1 0 0 1 0 1 1 1 1 0 1 0 1 1 0 1 0 0 0 0 1 1 1 0 1 1 0 0 0 0 1 0 0 1 0 0 1 1 0 0 0 0 0 1 0 1 0 0 1 1 1 1 1 0 1 1 1 0 1 1 1 0 0 1 0 0 0 0
1 0 1 1 0 0 0 1 1 1 1 0 0 1 0 0 0 0 0 1 1 0 1 0 1 0 0 1 0 0 0 1 0 1 0 1 1 1 1 1 0 0 0 1 1 1 0 1 0 0 1 1 0 0 1 1 1 1 1 0 1 1 1 1 0 0 1 0 1 1 1 1 0 1 0 1 1 0 0 0 0 0 1 0 1 1 1 1 1 1 0 1 1 0 0 0 1 0 0 1 1 1 0 0 0 1 1 0 0 1 0 0 1 1 0 0 0 0 1 0 1 0 0 1 0 0 1 1 1 0 1 1 1 1 1 0 0 1 0 1 0 1 1 1 1 1 1 1 1 0 0 1 0 1 1 0 0 0 1 0 1 0 0 1 1 0 0 0 0
1 0 0 0 0 0 1 0 0 1 1 0 0 1 0 0 1 1 1 0 1 1 0 0 1 1 0 1 0 1 0 1 0 1 1 0 1 1 0 1 1 0 0 0 1 1 0 0 0 1 0 1 0 0 0 0 1 0 0 0 0 1 0 1 1 1 0 1 0 0 0 0 1 1 1 1 1 1 1 1 0 0 1 1 0 0 0 1 1 0 0 1 1 1 0 0 1 1 1 1 1 0 1 1 0 1 0 1 1 1 0 0 0 1 0 0 1 1 0 1 1 0 1 0 1 1 0 1 1 0 0 0 1 0 1 1 0 0 0 1 0 1 1 1 0 1 1 1 0 0 1 1 0 1 1 1 1 1 1 0 0 1 1 1 1 1 0 0 0
0 1 0 1 0 1 0 1 0 0 0 1 0 0 0 1 1 1 0 1 0 0 1 1 1 0 0 1 1 1 0 0 0 0 0 1 1 0 1 1 0 1 1 0 0 1 0 1 1 1 0 0 0 1 1 1 0 1 1 1 0 0 0 1 1 1 1 1 1 1 0 0 0 1 0 0 0 1 1 1 1 1 1 0 1 1 0 1 0 1 1 0 0 0 1 1 0 0 1 0 0 0 1 0 1 0 0 0 1 0 1 1 0 1 1 0 1 0 0 1 0 0 1 0 0 0 1 0 0 0 0 1 0 1 0 1 1 0 0 0 1 0 1 0 1 0 1 1 1 0 0 0 1 0 0 0 1 0 0 1 1 1 0 0 1 0 1 0 1
1 0 0 1 1 1 0 0 0 0 0 0 1 1 1 1 1 1 1 0 0 0 1 1 0 1 0 1 1 0 0 0 1 0 1 0 1 1 0 0 0 0 0 0 1 1 1 1 1 1 0 0 1 0 0 1 1 1 1 0 0 0 0 0 0 0 1 0 0 0 0 1 1 1 1 0 1 0 1 0 0 1 0 1 0 0 0 0 1 0 1 1 1 0 0 0 0 1 1 0 1 0 1 0 1 0 0 1 1 0 0 0 0 0 0 1 1 0 0 0 0 0 1 1 1 1 1 1 0 0 1 0 0 0 0 0 0 1 1 1 0 0 1 1 0 1 1 0 1 1 0 0 0 0 0 1 0 1 0 1 1 0 1 1 0 1 0 1 0
0 1 1 1 0 0 0 0 0 1 0 0 1 1 1 0 1 0 1 0 0 0 1 1 0 1 0 0 0 0 0 1 1 0 1 0 0 0 1 0 1 1 0 0 1 0 1 1 1 0 0 1 1 0 1 1 1 1 1 0 1 0 0 0 1 1 0 1 1 0 0 0 0 0 1 1 1 0 1 1 0 0 0 1 0 0 0 1 0 0 1 0 0 1 1 0 1 1 1 0 1 1 1 0 0 1 1 1 1 0 0 1 1 1 0 0 1 1 1 1 0 1 1 1 1 0 1 1 1 0 0 1 1 0 1 0 0 1 1 0 0 1 0 1 0 1 1 0 1 1 0 1 0 0 1 0 0 0 1 0 1 1 0 0 0 0 0 0 0
1 0 0 0 0 1 0 1 1 1 1 1 1 0 0 0 0 0 1 1 0 1 1 1 0 1 1 1 0 1 0 0 0 0 0 0 1 0 0 0 0 1 0 1 1 1 0 0 1 1 1 0 1 1 0 0 0 0 1 0 1 1 0 0 1 0 0 0 1 0 0 0 1 1 1 1 0 0 0 1 1 0 0 0 0 1 1 0 1 0 0 0 1 1 1 1 1 0 1 0 1 0 1 0 1 0 1 1 1 0 1 1 1 1 0 0 0 0 0 1 0 1 0 0 1 1 1 1 0 1 0 1 0 1 1 0 0 1 1 1 1 1 1 0 0 1 1 0 0 0 1 0 0 0 1 0 1 1 1 0 1 0 1 1 1 1 1 0 1
0 1 0 1 0 1 1 0 1 1 0 0 0 1 0 0 0 1 0 1 1 0 1 1 1 0 0 1 0 1 0 1 0 1 1 1 0 0 0 0 0 0 1 1 1 0 1 1 1 0 1 0 1 1 1 1 1 0 1 1 1 0 1 1 0 0 0 0 1 1 0 0 1 0 1 0 0 1 1 1 0 0 1 1 1 1 0 0 1 0 0 1 1 0 0 0 0 1 1 1 0 1 1 0 0 1 0 0 1 1 1 1 0 0 1 0 1 0 0 0 1 0 1 0 0 1 1 1 1 0 1 1 0 0 1 1 1 0 1 0 0 0 1 1 1 0 1 0 1 1 1 0 1 1 1 0 1 1 0 1 1 0 0 1 1 1 1 1 1
1 0 1 1 0 1 0 0 1 1 1 1 0 1 0 0 1 0 0 1 0 1 1 1 1 0 0 0 0 1 0 1 1 1 0 0 1 1 0 1 0 0 0 0 0 0 1 1 0 1 0 0 0 1 0 0 1 0 1 0 1 1 0 1 1 1 1 1 1 0 0 1 1 0 1 1 1 0 1 1 0 0 1 1 1 0 0 0 0 0 1 1 0 0 0 0 1 0 1 1 1 1 1 1 0 1 1 1 0 1 1 1 1 1 0 0 0 0 0 0 0 0 1 1 1 0 0 1 1 1 1 1 1 0 1 1 0 1 1 0 0 1 0 1 1 1 1 0 1 0 1 1 1 1 1 1 0 1 1 0 0 0 0 0 1 1 1 0 0
1 0 0 1 0 1 1 0 0 1 0 0 1 0 1 0 1 0 0 1 0 1 0 0 1 1 0 1 0 1 1 0 0 1 0 0 0 1 0 1 1 0 0 1 1 0 0 1 1 1 1 0 1 1 0 0 1 1 1 1 0 0 0 1 0 0 1 1 1 0 1 0 0 1 1 0 0 0 0 1 1 1 0 0 1 0 0 0 0 1 0 1 1 0 1 1 1 0 1 1 0 1 0 0 1 0 0 1 0 1 1 1 1 1 1 1 0 1 0 1 0 0 0 1 1 0 1 0 1 1 1 0 0 0 0 0 1 0 1 0 1 0 1 1 0 0 0 0 0 1 1 1 0 1 0 1 1 1 1 0 1 0 0 1 0 0 0 0 0
0 1 1 1 0 0 1 0 1 1 0 0 0 0 0 0 0 1 1 0 0 0 1 0 1 0 1 0 1 0 0 0 1 1 0 0 1 0 1 0 0 0 1 0 1 0 0 0 0 1 0 0 0 1 1 1 1 0 1 0 0 1 1 0 0 1 0 0 0 1 1 0 0 1 1 1 0 1 0 1 0 0 0 1 1 0 0 1 1 1 0 1 0 0 0 0 1 0 1 1 0 1 0 0 1 0 1 1 0 0 0 0 1 1 0 0 0 1 0 1 1 1 0 1 1 1 1 0 1 0 1 1 0 0 1 1 0 1 1 0 1 0 1 1 0 1 1 1 1 1 0 0 0 1 0 0 0 1 1 1 1 0 0 1 1 0 0 1 1
1 0 1 0 1 0 0 0 0 0 0 1 1 0 1 0 0 1 1 1 1 0 0 0 1 0 0 1 0 0 0 0 1 0 0 0 0 1 0 0 1 0 1 0 1 0 1 0 0 1 0 1 1 0 1 0 1 1 0 1 1 1 1 1 0 0 1 0 1 1 1 0 1 1 1 1 0 0 0 0 1 1 0 0 1 1 0 1 1 1 1 1 0 1 0 1 0 0 1 1 1 1 1 1 0 0 1 1 1 0 0 1 0 1 1 1 0 1 1 1 1 1 0 0 1 0 1 0 1 0 1 1 1 0 0 1 0 0 1 0 0 0 0 0 0 1 1 1 1 0 0 0 0 1 1 0 0 1 1 0 0 0 0 1 1 1 1 0 0
1 1 1 0 0 0 0 0 0 1 1 1 0 0 1 1 1 0 0 0 0 0 1 0 0 0 0 1 0 0 1 1 0 1 0 0 1 0 0 1 0 1 0 0 0 0 0 0 1 1 1 0 0 1 0 0 1 1 1 0 0 1 1 0 1 0 0 0 1 1 0 1 0 0 0 0 0 0 0 0 1 1 0 0 1 0 1 0 1 1 1 0 1 0 0 0 0 0 1 0 0 1 1 0 0 0 0 1 1 0 1 0 1 1 0 1 0 1 0 1 1 0 1 1 1 1 0 1 1 1 0 1 0 1 1 1 1 1 1 1 0 1 1 0 1 1 1 0 1 1 1 0 0 0 0 1 0 1 0 1 1 0 0 0 1 1 1 1 1
0 0 0 1 1 1 0 1 1 0 1 0 0 1 1 0 1 1 1 0 1 0 1 0 0 0 0 1 1 1 0 0 1 1 0 0 0 0 0 0 1 0 1 0 0 0 1 1 1 1 0 1 0 1 0 1 1 1 0 0 0 0 1 0 0 0 1 0 1 0 1 0 0 0 1 0 0 1 0 1 0 0 0 1 0 0 0 1 1 1 0 0 0 1 1 1 1 1 1 0 1 1 1 0 1 0 1 0 1 0 0 0 0 1 1 0 1 0 0 0 1 1 0 1 1 0 0 0 1 0 0 0 1 0 0 1 0 0 0 1 1 0 0 1 1 1 1 1 0 0 1 0 1 1 1 0 0 0 1 1 1 0 0 1 1 1 1 1 1
0 1 1 0 0 0 0 1 1 0 0 1 1 1 1 1 0 0 1 1 1 0 1 1 1 1 1 1 1 1 0 0 0 0 0 0 1 0 1 1 0 0 0 0 0 1 1 1 0 1 1 0 0 0 0 1 0 0 0 1 1 0 1 0 1 1 0 1 0 0 0 0 1 1 0 0 1 0 1 0 0 1 1 0 1 0 1 0 1 0 0 1 0 0 1 1 1 1 1 0 0 1 1 0 1 1 1 1 1 0 0 1 1 1 1 0 1 0 0 0 0 1 1 1 1 0 0 1 1 1 1 0 0 0 0 1 0 0 0 0 0 0 0 0 1 1 1 0 1 1 1 1 0 0 1 1 1 0 1 1 1 0 0 1 0 1 1 0 1
0 1 1 1 1 0 1 1 0 0 0 0 0 1 0 0 0 0 1 1 0 0 0 1 0 0 1 1 1 0 1 0 1 1 0 0 1 0 0 1 1 0 0 1 1 0 1 0 1 1 1 1 0 1 0 1 1 1 1 0 1 1 0 1 1 1 0 1 0 0 0 0 0 0 0 0 0 1 0 0 0 0 0 0 1 0 1 1 1 0 1 0 1 0 1 1 1 1 1 0 1 0 1 0 1 0 0 0 1 0 0 1 1 0 1 1 0 1 1 0 1 1 1 0 0 0 1 1 0 0 0 0 1 0 1 0 1 1 0 1 0 0 0 1 1 0 1 1 1 0 0 1 1 0 0 1 0 1 1 1 1 0 1 1 1 0 1 1 1
1 0 1 1 1 1 1 1 0 0 1 0 1 0 1 1 1 0 0 0 1 1 1 0 1 0 0 1 1 0 0 0 0 0 1 0 1 0 0 1 0 1 0 1 1 1 0 0 0 1 1 1 0 1 0 1 1 0 0 0 1 0 0 1 1 0 0 1 0 0 1 0 1 0 1 1 0 1 1 0 0 0 1 1 0 1 0 1 1 1 1 1 1 1 1 0 0 1 1 0 0 0 1 1 0 1 0 0 0 0 1 0 0 0 0 1 0 0 0 1 1 1 1 0 0 0 0 1 0 0 1 1 0 1 1 0 1 0 0 0 1 0 1 1 0 0 0 0 1 1 0 0 0 0 1 0 0 1 1 1 1 1 0 0 1 0 0 1 1
0 1 0 1 0 0 1 1 1 0 0 1 1 0 0 1 1 0 1 1 0 1 1 0 0 0 1 1 1 0 1 0 0 0 1 0 1 0 1 1 0 1 1 1 1 1 1 0 1 0 0 1 1 0 1 1 0 0 1 1 0 0 1 0 1 1 1 0 1 0 0 0 0 1 0 1 0 0 1 1 0 1 1 0 1 1 0 0 1 0 1 1 1 1 0 1 0 1 0 0 0 0 1 0 0 0 0 1 1 1 0 0 0 0 1 1 1 1 1 1 1 1 0 1 1 0 1 1 0 1 1 1 1 1 0 1 1 1 0 1 1 0 0 1 1 1 1 0 1 0 0 0 0 0 0 1 1 0 0 0 1 1 0 1 0 1 1 1 1
0 1 1 1 0 1 0 0 1 1 1 1 1 0 0 1 0 1 1 1 0 1 0 1 0 1 1 1 1 1 0 0 0 1 1 1 1 1 1 0 1 0 0 1 0 0 0 1 0 0 0 1 1 1 0 0 0 0 1 0 0 1 1 0 1 0 0 1 0 0 1 1 0 1 1 0 0 0 0 0 0 0 0 1 0 1 0 1 0 0 1 0 1 1 0 0 1 1 0 0 0 1 0 1 1 1 0 0 1 0 1 0 1 1 0 0 0 1 1 0 0 0 1 0 1 0 0 1 0 1 0 0 0 1 0 0 0 0 1 1 0 1 1 1 0 0 1 0 1 0 0 1 1 0 1 0 0 1 0 1 0 0 1 1 1 1 1 1 0
0 0 0 0 1 0 0 0 0 1 1 0 1 1 1 0 0 0 0 1 0 1 0 0 1 1 0 1 1 1 0 1 0 1 0 0 0 0 0 1 0 0 0 0 0 0 1 1 0 0 0 1 0 0 0 1 1 0 1 1 1 0 1 1 1 1 1 1 0 1 1 1 0 0 0 0 0 0 1 0 1 0 1 1 0 1 0 0 0 0 0 1 0 0 1 1 1 0 1 1 0 0 1 0 0 1 1 1 0 0 1 0 1 1 0 1 0 1 0 1 1 1 0 0 1 1 1 0 1 1 1 1 0 1 0 0 1 0 1 0 0 0 0 1 0 1 1 1 1 1 0 1 1 0 0 0 0 0 1 1 0 1 1 1 1 1 0 0 0
0 0 0 1 1 0 0 1 0 0 1 0 1 1 1 0 1 0 0 0 1 1 1 0 1 1 0 0 1 0 1 0 1 0 1 0 1 1 0 0 0 1 1 1 0 0 0 1 1 0 1 0 0 1 0 0 0 1 0 1 1 1 1 1 0 1 0 1 0 1 0 0 1 1 0 0 0 1 1 0 0 0 1 0 1 1 0 1 0 0 0 1 0 1 1 0 1 1 0 0 0 1 1 0 0 0 0 0 1 0 0 0 1 1 1 1 0 1 0 1 0 1 1 1 1 0 1 1 0 0 0 0 1 0 0 0 1 0 0 0 1 0 0 0 0 1 1 0 1 1 0 1 1 0 1 1 1 1 1 0 1 0 1 0 1 0 0 1 1
0 0 1 0 1 1 0 0 0 0 1 0 1 1 0 1 1 0 0 1 0 1 1 0 1 0 1 0 1 0 0 0 0 0 0 1 1 0 1 1 1 0 1 0 1 0 0 1 0 1 1 1 1 1 1 0 0 0 1 1 1 0 0 1 1 0 1 0 0 1 1 0 0 0 1 1 1 0 1 1 0 0 0 0 1 0 0 1 0 1 0 0 1 1 1 0 0 0 0 0 1 1 1 1 0 1 1 0 0 0 0 1 1 0 0 0 0 0 0 0 1 0 0 0 1 1 1 1 0 1 0 0 1 1 0 1 1 0 0 1 1 0 0 1 1 0 1 1 1 0 0 0 1 1 1 0 1 0 1 1 1 0 0 0 0 0 0 0 1
0 0 1 0 1 0 0 1 1 0 1 0 1 1 1 1 1 1 0 0 1 0 0 1 0 0 0 0 1 0 0 1 0 0 0 1 1 0 0 0 0 0 0 1 1 1 1 1 0 0 0 1 1 1 1 0 1 1 0 1 0 1 1 1 1 1 1 1 1 0 0 0 0 1 0 1 0 1 0 1 1 0 1 0 0 0 0 1 0 0 0 0 0 1 1 0 1 1 0 0 1 0 1 1 0 0 1 0 0 0 0 0 1 1 0 1 0 1 0 1 0 1 1 1 0 1 0 0 1 1 0 0 0 0 1 0 0 1 0 0 1 0 0 0 0 0 1 1 0 0 1 1 0 0 1 0 1 0 0 1 0 1 1 0 1 0 0 1 1
1 1 0 0 0 1 1 1 0 1 0 0 1 1 1 1 0 1 0 0 0 0 0 1 0 0 0 0 0 0 0 1 1 1 1 1 1 1 0 0 0 0 0 1 0 0 0 1 0 1 0 0 0 0 1 1 1 1 0 0 0 1 1 0 1 1 0 1 1 1 1 0 0 0 1 0 1 0 0 1 1 0 0 0 1 0 0 1 0 0 1 1 0 0 1 1 0 1 1 0 0 1 1 1 1 1 0 0 0 0 1 1 0 0 0 1 1 0 0 0 0 1 1 0 0 0 1 1 1 1 0 0 1 1 0 0 1 1 0 0 1 0 0 0 1 0 0 0 0 0 1 0 0 0 1 1 0 1 1 0 0 0 1 0 1 1 0 0 0
0 1 1 1 0 1 0 0 0 1 1 1 0 1 0 0 1 1 1 0 0 1 0 0 1 0 1 1 1 0 0 0 0 1 0 1 1 0 0 0 1 0 1 1 0 1 1 1 0 1 1 1 1 1 0 0 0 0 1 1 1 0 1 0 0 0 1 0 1 1 1 0 1 0 1 1 0 0 0 0 0 0 0 0 0 0 0 0 0 1 0 1 0 1 1 0 0 1 1 0 1 1 0 1 1 0 0 1 1 0 1 1 1 0 1 0 1 0 1 1 1 1 1 1 0 1 1 0 0 1 1 1 0 1 0 1 1 0 1 1 1 1 0 0 1 1 1 1 0 1 0 1 1 0 0 0 1 0 1 1 0 1 0 0 0 1 1 0 1
0 1 1 1 1 1 0 0 0 0 1 1 0 0 1 0 1 0 0 1 1 1 0 0 0 1 0 0 1 0 0 1 0 1 1 0 0 0 0 0 0 1 1 1 0 0 0 0 0 0 1 1 0 0 1 0 1 1 0 0 1 1 1 1 0 1 1 1 0 0 1 1 0 0 0 0 1 1 0 1 1 1 0 0 1 1 1 0 1 1 0 1 0 0 1 1 1 0 1 1 1 1 0 1 1 1 0 1 1 0 0 1 1 0 1 1 0 1 1 1 1 1 0 1 1 0 1 1 0 0 1 0 1 0 1 1 0 1 0 1 1 0 0 0 1 0 1 1 0 1 1 0 0 0 0 0 0 0 0 0 0 0 1 1 0 0 0 1 0
1 1 0 1 1 1 1 1 0 1 0 0 1 1 1 0 0 0 0 1 0 1 0 1 0 0 1 0 0 0 0 0 0 1 0 1 0 0 0 1 0 1 1 0 1 0 1 1 0 0 1 0 0 0 1 1 0 1 0 0 1 0 1 1 1 1 1 1 0 0 1 0 1 0 0 0 1 1 0 0 0 0 1 0 1 0 1 1 0 1 1 1 0 0 0 1 0 0 1 0 0 1 0 0 1 1 1 1 0 1 0 1 0 0 0 1 1 1 0 0 1 0 0 1 0 1 1 0 0 0 1 1 1 1 1 1 0 1 0 1 0 1 1 0 0 0 1 1 1 0 0 1 1 0 1 0 1 0 0 0 0 0 1 0 0 1 0 1 1
0 1 0 1 1 1 0 1 1 0 1 1 0 1 0 0 0 0 1 0 1 1 0 1 0 1 1 0 0 1 1 1 0 0 1 1 1 1 1 1 0 1 1 1 1 1 1 0 1 0 0 1 1 1 1 0 1 1 0 1 1 1 0 0 0 1 0 1 0 1 1 0 0 0 0 0 0 1 0 0 0 1 1 1 0 0 1 0 0 1 0 0 0 0 0 0 1 1 1 1 1 0 1 1 1 1 1 1 1 1 1 1 1 0 0 0 1 1 0 0 1 1 1 0 0 1 1 0 0 0 1 0 0 1 0 0 1 0 1 0 1 0 0 0 0 1 0 0 1 0 0 1 1 1 1 0 0 0 1 0 1 1 1 0 0 0 0 0 1
1 0 1 1 1 1 0 1 1 0 1 0 0 1 0 1 1 1 1 0 0 1 1 0 1 0 0 0 1 1 0 0 0 0 1 1 0 1 1 1 0 0 0 1 1 0 1 1 1 0 0 0 0 0 0 1 0 0 1 0 0 1 0 1 1 1 0 0 1 1 1 1 0 0 1 1 0 0 1 1 0 0 0 1 0 0 0 0 0 1 0 1 1 0 0 0 1 0 1 1 1 1 1 0 0 0 0 0 1 1 1 1 0 1 0 0 1 1 0 1 0 1 0 0 1 1 1 1 0 0 1 0 1 1 1 1 1 1 1 0 1 1 0 1 0 0 1 1 1 1 1 1 1 0 0 1 1 1 1 0 0 0 1 0 1 0 0 0 1
1 1 1 0 1 1 1 1 1 1 1 0 1 0 1 1 1 1 1 1 0 1 1 1 0 0 1 0 0 1 1 1 0 1 0 1 1 1 1 0 0 1 1 1 1 1 0 1 0 1 1 0 0 0 0 1 1 0 0 0 1 1 0 1 0 0 1 0 1 1 1 0 1 0 0 0 1 1 0 1 1 1 1 0 0 1 1 0 1 0 0 1 0 1 1 1 1 1 0 1 0 1 1 1 1 1 0 1 0 1 0 1 0 1 1 1 0 1 0 0 0 0 1 1 1 0 1 1 0 0 0 0 0 0 0 0 1 1 1 0 0 0 0 1 0 1 0 1 0 1 1 0 1 1 0 0 0 1 1 1 0 1 0 1 0 1 1 0 1
1 1 1 0 1 1 1 0 0 1 0 1 0 1 0 0 1 0 0 0 0 1 1 0 1 0 1 0 1 1 1 1 0 0 1 0 1 0 1 0 1 1 1 1 1 1 0 1 1 1 0 1 0 1 1 0 0 0 1 0 0 0 0 1 0 0 0 0 1 1 1 0 0 0 0 1 0 0 0 0 0 1 0 0 0 1 1 0 1 1 1 1 0 1 1 0 0 0 1 1 0 1 0 0 1 0 0 1 0 0 0 0 1 0 1 1 1 0 0 1 1 0 0 1 1 0 0 0 1 1 0 1 1 0 0 1 1 1 0 1 0 1 0 0 1 0 0 0 0 0 0 1 1 0 0 1 1 0 1 1 0 0 0 1 0 1 0 1 0
1 0 0 1 0 0 0 0 1 1 0 0 1 0 0 0 0 1 1 1 0 1 0 0 1 1 1 0 1 1 0 1 0 0 0 0 0 0 0 1 1 0 1 0 0 1 1 0 0 1 1 1 0 0 0 0 0 1 1 0 0 1 1 1 0 0 1 0 0 1 0 0 0 1 0 0 0 1 0 0 0 0 0 0 1 1 1 1 0 0 0 1 1 0 0 1 1 0 0 0 0 1 1 1 0 0 1 1 1 0 1 0 1 0 0 1 1 1 1 0 0 1 0 0 1 1 0 0 1 1 1 1 0 1 0 1 1 0 0 1 0 1 1 1 0 0 1 1 1 0 1 0 1 0 1 0 0 1 0 1 1 0 0 0 0 0 1 1 1
T 58 92
T 159 161
Q 7 158
Q 3 127
T 134 25
Q 74 145
T 23 110
Q 38 121
Q 54 20
T 75 35
Q 34 17
Q 127 42
T 156 76
Q 47 45
T 64 110
Q 8 21
T 29 72
Q 85 70
T 54 3
Q 130 157
Q 158 117
Q 151 137
Q 101 163
Q 92 156
T 157 168
T 106 150
T 37 64
T 45 52
T 83 77
T 143 7
Q 86 91
Q 100 51
Q 50 43
Q 14 68
T 156 96
T 163 112
Q 128 117
Q 80 29
T 65 77
T 95 81
T 157 61
T 167 124
T 93 71
Q 154 167
Q 25 71
T 132 88
T 98 97
Q 98 59
T 150 132
T 93 161
Q 105 12
T 49 80
Q 30 4
Q 64 88
T 67 12
T 56 111
Q 165 6
T 165 81
T 131 51
T 1 130
Q 79 158
Q 65 112
T 119 17
T 156 74
T 74 33
Q 126 62
Q 87 30
Q 53 91
T 82 91
T 155 128
Q 136 25
T 94 53
Q 33 167
T 132 83
T 15 95
T 74 108
T 162 120
T 7 58
Q 115 47
T 1 133
T 157 110
Q 9 57
Q 47 36
T 167 90
T 103 165
Q 70 90
Q 131 142
Q 147 55
Q 113 165
Q 153 146
T 81 33
Q 14 39
Q 137 45
T 26 54
T 134 14
T 145 110
Q 114 45
T 61 95
T 38 141
Q 17 29
T 47 20
T 43 43
T 30 149
T 11 94
Q 62 148
Q 59 166
Q 68 34
T 158 117
T 117 118
Q 125 95
Q 94 11
Q 104 167
T 52 110
Q 85 44
T 57 43
T 77 72
Q 44 21
T 162 100
Q 119 44
T 52 56
T 70 78
Q 142 46
Q 123 38
T 7 60
Q 75 104
Q 25 148
Q 14 134
Q 83 50
Q 18 117
Q 25 64
Q 51 113
Q 134 53
Q 130 38
T 122 67
T 12 47
T 73 79
T 114 41
Q 156 10
Q 169 94
Q 55 169
Q 158 142
T 164 67
Q 110 141
T 110 36
Q 54 86
T 110 116
T 1 57
Q 85 7
Q 84 14
T 87 105
T 40 136
Q 162 115
T 135 27
T 118 28
T 157 128
T 34 100
Q 123 122
Q 114 120
T 77 103
Q 90 111
T 40 119
T 102 38
T 134 5
Q 92 49
T 145 123
T 50 87
Q 156 112
Q 123 155
Q 28 35
T 70 139
T 18 98
T 58 84
T 141 110
Q 80 62
Q 65 161
Q 142 148
T 77 144
T 158 118
T 51 21
T 9 41
T 104 126
Q 37 161
T 51 92
Q 130 54
T 117 126
T 32 64
Q 2 40
T 133 61
Q 65 163
Q 116 82
Q 112 133
T 51 142
Q 111 73
T 20 31
T 63 3
Q 8 50
Q 132 40
T 9 141
Q 158 123
T 32 118
T 111 33
T 2 138
T 111 112
Q 23 149
Q 97 98
T 54 31
T 142 47
Q 74 114
T 139 72
Q 48 160
T 129 6
T 25 130
Q 134 162
T 88 37
T 65 18
Q 47 153
Q 48 168
Q 66 146
Q 7 35
Q 77 129
Q 62 17
Q 132 46
Q 74 166
T 34 130
Q 95 39
Q 43 45
Q 126 26
Q 115 86
T 19 104
Q 25 66
Q 34 162
Q 4 75
T 117 58
Q 135 123
T 72 157
T 74 126
T 150 99
Q 69 163
T 32 60
Q 13 112
T 86 30
Q 70 20
Q 8 3
Q 120 4
T 23 88
T 141 57
Q 27 71
T 93 155
T 44 134
Q 147 43
T 117 161
Q 93 91
Q 148 106
Q 147 20
T 163 108
Q 17 16
T 40 75
Q 80 156
Q 74 136
T 141 129
Q 99 4
T 140 17
T 95 55
T 135 117
T 150 34
